1 2 3 4 1 5 6 7 8 9 10 11 12 13 14 15 16 17 0 0
18 19 20 21 22 23 24 0 0 0 0 0 0 0 0 0 0 0 0 0
25 26 7 27 28 12 29 30 25 31 14 25 32 14 33 14 34 25 35 36
37 29 38 0 0 0 0 0 0 0 0 0 0 0 0 0 0 0 0 0
34 37 10 39 40 41 42 43 44 45 46 15 47 27 48 15 0 0 0 0
49 12 50 13 50 1 51 0 0 0 0 0 0 0 0 0 0 0 0 0
52 0 0 0 0 0 0 0 0 0 0 0 0 0 0 0 0 0 0 0
53 54 55 56 57 14 58 14 15 59 1 60 50 25 61 62 7 63 64 65
66 14 67 14 68 69 15 70 14 71 14 24 72 12 73 50 1 51 0 0
37 74 45 12 13 0 0 0 0 0 0 0 0 0 0 0 0 0 0 0
7 75 45 76 0 0 0 0 0 0 0 0 0 0 0 0 0 0 0 0
77 78 38 79 80 0 0 0 0 0 0 0 0 0 0 0 0 0 0 0
37 34 45 81 82 43 53 83 84 85 77 86 87 0 0 0 0 0 0 0
25 88 7 72 10 89 90 69 91 15 25 92 53 93 0 0 0 0 0 0
18 19 20 21 24 72 12 13 0 0 0 0 0 0 0 0 0 0 0 0
94 95 79 96 14 97 98 99 100 101 7 25 6 53 102 103 104 0 0 0
105 10 106 14 107 108 109 15 110 27 111 10 112 52 0 0 0 0 0 0
37 113 114 115 116 72 10 117 0 0 0 0 0 0 0 0 0 0 0 0
18 38 118 14 119 14 120 25 121 122 123 37 34 72 0 0 0 0 0 0
25 124 125 50 37 34 72 0 0 0 0 0 0 0 0 0 0 0 0 0
126 127 128 15 25 129 130 37 14 34 126 72 14 131 45 132 15 133 134 0
135 136 25 137 15 138 0 0 0 0 0 0 0 0 0 0 0 0 0 0
139 0 0 0 0 0 0 0 0 0 0 0 0 0 0 0 0 0 0 0
131 45 12 1 140 48 141 25 142 14 37 0 0 0 0 0 0 0 0 0
143 14 144 14 145 14 146 14 147 14 148 14 149 0 0 0 0 0 0 0
1 150 151 152 27 153 14 34 152 27 154 14 34 27 155 156 0 0 0 0
157 158 34 159 160 161 162 152 37 0 0 0 0 0 0 0 0 0 0 0
20 163 164 14 20 165 166 167 138 0 0 0 0 0 0 0 0 0 0 0
168 166 76 84 85 169 15 55 138 0 0 0 0 0 0 0 0 0 0 0
170 171 172 173 174 175 176 34 37 113 76 0 0 0 0 0 0 0 0 0
177 178 179 101 15 180 69 0 0 0 0 0 0 0 0 0 0 0 0 0
131 181 76 37 182 0 0 0 0 0 0 0 0 0 0 0 0 0 0 0
38 12 25 183 184 45 185 0 0 0 0 0 0 0 0 0 0 0 0 0
1 186 2 14 187 0 0 0 0 0 0 0 0 0 0 0 0 0 0 0
188 189 179 0 0 0 0 0 0 0 0 0 0 0 0 0 0 0 0 0
190 1 191 192 0 0 0 0 0 0 0 0 0 0 0 0 0 0 0 0
193 0 0 0 0 0 0 0 0 0 0 0 0 0 0 0 0 0 0 0
194 37 0 0 0 0 0 0 0 0 0 0 0 0 0 0 0 0 0 0
172 195 0 0 0 0 0 0 0 0 0 0 0 0 0 0 0 0 0 0
2 1 195 14 187 0 0 0 0 0 0 0 0 0 0 0 0 0 0 0
194 37 10 196 0 0 0 0 0 0 0 0 0 0 0 0 0 0 0 0
172 179 83 84 197 14 53 102 198 0 0 0 0 0 0 0 0 0 0 0
53 83 14 175 194 37 0 0 0 0 0 0 0 0 0 0 0 0 0 0
172 186 2 0 0 0 0 0 0 0 0 0 0 0 0 0 0 0 0 0
181 199 55 179 15 79 186 0 0 0 0 0 0 0 0 0 0 0 0 0
181 200 55 179 15 79 186 0 0 0 0 0 0 0 0 0 0 0 0 0
179 201 202 203 0 0 0 0 0 0 0 0 0 0 0 0 0 0 0 0
101 14 204 14 175 205 25 196 206 0 0 0 0 0 0 0 0 0 0 0
172 181 199 55 179 15 207 0 0 0 0 0 0 0 0 0 0 0 0 0
181 200 55 179 15 79 208 0 0 0 0 0 0 0 0 0 0 0 0 0
179 201 209 203 0 0 0 0 0 0 0 0 0 0 0 0 0 0 0 0
37 14 210 20 211 212 213 152 25 214 7 25 215 14 194 14 175 193 0 0
216 217 34 218 38 219 17 172 195 0 0 0 0 0 0 0 0 0 0 0
83 84 79 220 14 187 0 0 0 0 0 0 0 0 0 0 0 0 0 0
194 25 196 0 0 0 0 0 0 0 0 0 0 0 0 0 0 0 0 0
221 222 123 223 175 1 186 2 14 187 0 0 0 0 0 0 0 0 0 0
188 189 179 0 0 0 0 0 0 0 0 0 0 0 0 0 0 0 0 0
190 224 192 0 0 0 0 0 0 0 0 0 0 0 0 0 0 0 0 0
186 2 0 0 0 0 0 0 0 0 0 0 0 0 0 0 0 0 0 0
115 41 186 2 0 0 0 0 0 0 0 0 0 0 0 0 0 0 0 0
45 225 0 0 0 0 0 0 0 0 0 0 0 0 0 0 0 0 0 0
187 0 0 0 0 0 0 0 0 0 0 0 0 0 0 0 0 0 0 0
226 25 196 0 0 0 0 0 0 0 0 0 0 0 0 0 0 0 0 0
196 0 0 0 0 0 0 0 0 0 0 0 0 0 0 0 0 0 0 0
205 25 187 227 14 172 228 2 229 230 231 232 14 34 233 69 228 38 229 234
228 38 0 0 0 0 0 0 0 0 0 0 0 0 0 0 0 0 0 0
235 37 10 196 0 0 0 0 0 0 0 0 0 0 0 0 0 0 0 0
172 131 179 83 84 228 38 0 0 0 0 0 0 0 0 0 0 0 0 0
233 69 236 38 237 14 204 14 175 194 37 0 0 0 0 0 0 0 0 0
172 238 40 239 38 83 179 0 0 0 0 0 0 0 0 0 0 0 0 0
238 40 38 240 241 242 179 0 0 0 0 0 0 0 0 0 0 0 0 0
25 32 229 25 243 244 245 0 0 0 0 0 0 0 0 0 0 0 0 0
246 247 7 25 248 14 45 249 25 250 14 34 251 252 253 254 43 241 0 0
179 201 255 1 256 14 257 14 175 45 258 14 259 15 27 196 0 0 0 0
172 53 260 179 83 84 261 262 0 0 0 0 0 0 0 0 0 0 0 0
83 84 79 263 14 187 0 0 0 0 0 0 0 0 0 0 0 0 0 0
101 0 0 0 0 0 0 0 0 0 0 0 0 0 0 0 0 0 0 0
264 17 265 266 0 0 0 0 0 0 0 0 0 0 0 0 0 0 0 0
37 194 24 45 267 180 138 108 108 268 14 269 45 76 0 0 0 0 0 0
45 270 271 272 7 25 273 14 34 194 24 45 267 180 138 229 274 275 0 0
131 276 0 0 0 0 0 0 0 0 0 0 0 0 0 0 0 0 0 0
190 37 10 196 0 0 0 0 0 0 0 0 0 0 0 0 0 0 0 0
172 276 0 0 0 0 0 0 0 0 0 0 0 0 0 0 0 0 0 0
276 76 179 277 278 0 0 0 0 0 0 0 0 0 0 0 0 0 0 0
194 37 0 0 0 0 0 0 0 0 0 0 0 0 0 0 0 0 0 0
279 53 280 229 281 0 0 0 0 0 0 0 0 0 0 0 0 0 0 0
279 179 280 229 281 0 0 0 0 0 0 0 0 0 0 0 0 0 0 0
282 37 14 50 283 24 81 25 284 184 229 25 285 286 287 288 1 186 2 0
172 289 0 0 0 0 0 0 0 0 0 0 0 0 0 0 0 0 0 0
290 14 187 14 131 179 113 173 15 180 69 291 24 292 0 0 0 0 0 0
276 293 50 1 200 43 294 295 296 0 0 0 0 0 0 0 0 0 0 0
40 297 14 175 194 37 0 0 0 0 0 0 0 0 0 0 0 0 0 0
53 298 98 299 179 217 53 300 98 7 179 217 276 100 294 301 302 0 0 0
40 297 0 0 0 0 0 0 0 0 0 0 0 0 0 0 0 0 0 0
194 37 0 0 0 0 0 0 0 0 0 0 0 0 0 0 0 0 0 0
53 102 303 14 17 136 304 305 14 15 306 179 307 308 0 0 0 0 0 0
301 55 309 310 311 15 312 53 55 56 1 313 0 0 0 0 0 0 0 0
131 53 55 314 25 315 316 15 2 14 34 53 317 228 304 2 318 15 25 319
307 1 186 2 14 187 0 0 0 0 0 0 0 0 0 0 0 0 0 0
40 297 14 175 194 37 0 0 0 0 0 0 0 0 0 0 0 0 0 0
34 1 320 128 321 0 0 0 0 0 0 0 0 0 0 0 0 0 0 0
40 297 0 0 0 0 0 0 0 0 0 0 0 0 0 0 0 0 0 0
194 37 0 0 0 0 0 0 0 0 0 0 0 0 0 0 0 0 0 0
27 196 322 25 323 324 325 263 326 14 327 0 0 0 0 0 0 0 0 0
53 317 328 15 329 0 0 0 0 0 0 0 0 0 0 0 0 0 0 0
94 330 14 229 331 37 10 196 115 14 160 233 332 333 334 0 0 0 0 0
170 160 335 34 336 229 337 14 34 338 15 138 0 0 0 0 0 0 0 0
37 34 72 10 14 53 339 14 175 194 340 7 25 341 14 342 27 343 0 0
172 55 53 25 344 7 345 346 0 0 0 0 0 0 0 0 0 0 0 0
37 14 97 346 0 0 0 0 0 0 0 0 0 0 0 0 0 0 0 0
72 0 0 0 0 0 0 0 0 0 0 0 0 0 0 0 0 0 0 0
346 0 0 0 0 0 0 0 0 0 0 0 0 0 0 0 0 0 0 0
72 240 56 13 347 348 87 14 175 37 349 0 0 0 0 0 0 0 0 0
172 45 350 87 351 14 94 183 352 0 0 0 0 0 0 0 0 0 0 0
38 353 12 217 43 170 160 56 332 354 355 0 0 0 0 0 0 0 0 0
141 25 356 172 357 175 37 358 14 34 359 27 153 14 34 360 361 91 0 0
141 94 362 363 7 25 321 14 346 0 0 0 0 0 0 0 0 0 0 0
86 364 365 229 298 7 366 367 217 368 7 364 365 229 298 7 366 369 14 257
365 18 20 370 0 0 0 0 0 0 0 0 0 0 0 0 0 0 0 0
371 37 0 0 0 0 0 0 0 0 0 0 0 0 0 0 0 0 0 0
372 7 370 14 175 194 25 373 14 374 174 25 375 216 0 0 0 0 0 0
34 25 376 377 0 0 0 0 0 0 0 0 0 0 0 0 0 0 0 0
378 37 0 0 0 0 0 0 0 0 0 0 0 0 0 0 0 0 0 0
172 365 170 379 380 0 0 0 0 0 0 0 0 0 0 0 0 0 0 0
170 365 0 0 0 0 0 0 0 0 0 0 0 0 0 0 0 0 0 0
379 14 175 205 25 373 14 172 53 381 53 78 382 170 383 0 0 0 0 0
25 384 34 25 202 385 365 229 386 387 14 204 0 0 0 0 0 0 0 0
194 37 0 0 0 0 0 0 0 0 0 0 0 0 0 0 0 0 0 0
133 183 388 14 257 0 0 0 0 0 0 0 0 0 0 0 0 0 0 0
139 0 0 0 0 0 0 0 0 0 0 0 0 0 0 0 0 0 0 0
172 53 102 389 15 390 38 0 0 0 0 0 0 0 0 0 0 0 0 0
181 391 392 179 174 43 0 0 0 0 0 0 0 0 0 0 0 0 0 0
98 0 0 0 0 0 0 0 0 0 0 0 0 0 0 0 0 0 0 0
37 349 0 0 0 0 0 0 0 0 0 0 0 0 0 0 0 0 0 0
179 381 15 79 393 0 0 0 0 0 0 0 0 0 0 0 0 0 0 0
53 381 15 79 322 237 14 175 194 37 0 0 0 0 0 0 0 0 0 0
172 394 179 300 69 181 53 381 14 341 14 24 19 304 212 0 0 0 0 0
53 83 84 395 186 58 141 2 14 34 53 396 84 397 15 395 398 127 186 0
86 396 84 399 18 217 34 86 267 400 401 0 0 0 0 0 0 0 0 0
402 108 403 69 108 53 83 84 85 24 0 0 0 0 0 0 0 0 0 0
131 179 54 85 38 14 175 404 25 373 0 0 0 0 0 0 0 0 0 0
38 10 294 304 129 14 175 37 205 0 0 0 0 0 0 0 0 0 0 0
172 38 10 203 43 1 405 406 27 231 129 14 34 294 15 407 17 333 127 10
234 408 69 409 0 0 0 0 0 0 0 0 0 0 0 0 0 0 0 0
40 297 14 341 0 0 0 0 0 0 0 0 0 0 0 0 0 0 0 0
410 411 24 38 267 79 412 15 413 414 92 14 415 416 0 0 0 0 0 0
25 159 417 0 0 0 0 0 0 0 0 0 0 0 0 0 0 0 0 0
25 418 322 229 419 14 420 421 422 423 14 34 424 425 426 0 0 0 0 0
427 428 14 34 429 0 0 0 0 0 0 0 0 0 0 0 0 0 0 0
430 14 431 14 432 159 0 0 0 0 0 0 0 0 0 0 0 0 0 0
283 25 433 0 0 0 0 0 0 0 0 0 0 0 0 0 0 0 0 0
141 272 25 434 7 435 219 25 436 437 0 0 0 0 0 0 0 0 0 0
179 317 298 136 438 266 14 53 439 0 0 0 0 0 0 0 0 0 0 0
194 37 0 0 0 0 0 0 0 0 0 0 0 0 0 0 0 0 0 0
283 255 440 14 257 0 0 0 0 0 0 0 0 0 0 0 0 0 0 0
38 10 294 440 14 175 194 37 14 172 34 38 10 294 441 0 0 0 0 0
283 53 12 442 443 43 38 14 179 444 445 446 447 448 14 53 317 79 449 0
25 32 450 451 0 0 0 0 0 0 0 0 0 0 0 0 0 0 0 0
25 32 404 24 38 12 452 453 1 321 0 0 0 0 0 0 0 0 0 0
1 202 403 43 454 1 405 10 455 456 457 458 0 0 0 0 0 0 0 0
194 37 14 459 27 460 15 25 156 0 0 0 0 0 0 0 0 0 0 0
172 131 461 179 95 55 25 462 438 0 0 0 0 0 0 0 0 0 0 0
79 463 136 25 464 465 0 0 0 0 0 0 0 0 0 0 0 0 0 0
25 32 466 24 45 267 217 34 37 467 115 17 1 468 0 0 0 0 0 0
45 469 229 470 312 471 472 15 27 473 474 0 0 0 0 0 0 0 0 0
72 10 475 0 0 0 0 0 0 0 0 0 0 0 0 0 0 0 0 0
50 37 476 477 141 94 478 14 38 12 1 479 216 0 0 0 0 0 0 0
34 480 17 1 481 0 0 0 0 0 0 0 0 0 0 0 0 0 0 0
25 482 483 484 25 485 486 487 0 0 0 0 0 0 0 0 0 0 0 0
37 12 294 1 405 15 488 30 489 0 0 0 0 0 0 0 0 0 0 0
219 37 270 14 294 490 1 491 43 24 0 0 0 0 0 0 0 0 0 0
492 19 493 14 494 185 38 0 0 0 0 0 0 0 0 0 0 0 0 0
131 14 291 45 495 27 496 122 14 45 467 497 498 15 180 24 136 12 199 0
45 160 499 203 500 501 475 15 502 15 83 24 0 0 0 0 0 0 0 0
503 14 504 14 505 0 0 0 0 0 0 0 0 0 0 0 0 0 0 0
136 50 170 225 79 0 0 0 0 0 0 0 0 0 0 0 0 0 0 0
505 50 506 0 0 0 0 0 0 0 0 0 0 0 0 0 0 0 0 0
116 507 14 116 508 14 509 510 14 511 152 512 513 14 34 1 514 0 0 0
38 12 1 183 515 250 269 217 98 152 516 1 517 352 0 0 0 0 0 0
195 0 0 0 0 0 0 0 0 0 0 0 0 0 0 0 0 0 0 0
194 37 217 34 467 518 25 323 0 0 0 0 0 0 0 0 0 0 0 0
519 520 521 45 522 174 216 0 0 0 0 0 0 0 0 0 0 0 0 0
94 54 55 523 524 1 525 14 97 1 525 14 131 38 526 527 0 0 0 0
25 528 529 14 50 170 160 530 14 531 0 0 0 0 0 0 0 0 0 0
37 532 15 55 533 24 534 229 535 536 81 537 538 539 0 0 0 0 0 0
38 10 195 379 0 0 0 0 0 0 0 0 0 0 0 0 0 0 0 0
194 37 0 0 0 0 0 0 0 0 0 0 0 0 0 0 0 0 0 0
172 53 540 84 339 38 0 0 0 0 0 0 0 0 0 0 0 0 0 0
41 541 229 14 25 542 543 544 219 14 50 545 38 190 14 172 53 85 138 0
72 10 5 0 0 0 0 0 0 0 0 0 0 0 0 0 0 0 0 0
34 280 216 0 0 0 0 0 0 0 0 0 0 0 0 0 0 0 0 0
25 137 475 123 25 183 137 0 0 0 0 0 0 0 0 0 0 0 0 0
25 546 547 12 548 23 27 549 0 0 0 0 0 0 0 0 0 0 0 0
37 160 171 533 38 194 24 72 160 20 550 14 131 45 551 552 38 553 296 0
20 14 554 76 45 339 38 555 296 0 0 0 0 0 0 0 0 0 0 0
77 296 0 0 0 0 0 0 0 0 0 0 0 0 0 0 0 0 0 0
194 37 14 556 34 159 50 241 0 0 0 0 0 0 0 0 0 0 0 0
172 181 83 179 557 69 0 0 0 0 0 0 0 0 0 0 0 0 0 0
238 0 0 0 0 0 0 0 0 0 0 0 0 0 0 0 0 0 0 0
108 72 10 192 14 20 21 23 38 0 0 0 0 0 0 0 0 0 0 0
558 365 179 0 0 0 0 0 0 0 0 0 0 0 0 0 0 0 0 0
300 69 558 53 559 0 0 0 0 0 0 0 0 0 0 0 0 0 0 0
558 560 179 14 204 0 0 0 0 0 0 0 0 0 0 0 0 0 0 0
194 37 14 561 27 192 0 0 0 0 0 0 0 0 0 0 0 0 0 0
172 562 14 43 1 563 0 0 0 0 0 0 0 0 0 0 0 0 0 0
45 12 103 15 382 172 564 1 563 14 175 565 94 14 50 286 566 0 0 0
229 567 53 12 230 474 14 568 72 0 0 0 0 0 0 0 0 0 0 0
100 179 108 100 179 569 174 0 0 0 0 0 0 0 0 0 0 0 0 0
371 37 14 570 571 141 138 0 0 0 0 0 0 0 0 0 0 0 0 0
53 100 0 0 0 0 0 0 0 0 0 0 0 0 0 0 0 0 0 0
83 38 14 204 0 0 0 0 0 0 0 0 0 0 0 0 0 0 0 0
131 25 5 522 174 152 572 573 7 25 574 14 50 283 45 81 255 448 15 38
179 83 84 339 229 69 14 175 404 25 5 0 0 0 0 0 0 0 0 0
53 83 84 14 175 194 37 0 0 0 0 0 0 0 0 0 0 0 0 0
181 575 267 179 55 7 304 576 577 24 7 230 578 0 0 0 0 0 0 0
53 83 84 85 14 175 194 37 0 0 0 0 0 0 0 0 0 0 0 0
276 83 179 21 230 579 0 0 0 0 0 0 0 0 0 0 0 0 0 0
279 14 175 194 37 14 172 1 161 184 580 581 0 0 0 0 0 0 0 0
1 582 583 25 584 585 581 586 0 0 0 0 0 0 0 0 0 0 0 0
18 10 286 7 587 288 7 588 23 179 14 22 179 365 0 0 0 0 0 0
18 12 589 590 14 591 14 229 25 592 10 593 594 17 325 595 7 27 231 0
179 180 94 596 0 0 0 0 0 0 0 0 0 0 0 0 0 0 0 0
53 83 14 175 349 25 5 0 0 0 0 0 0 0 0 0 0 0 0 0
179 365 294 570 141 38 14 175 194 37 0 0 0 0 0 0 0 0 0 0
131 53 180 38 14 175 194 25 5 14 172 327 0 0 0 0 0 0 0 0
597 0 0 0 0 0 0 0 0 0 0 0 0 0 0 0 0 0 0 0
195 14 53 598 179 217 195 0 0 0 0 0 0 0 0 0 0 0 0 0
37 280 41 27 599 14 34 548 27 600 291 27 475 0 0 0 0 0 0 0
601 0 0 0 0 0 0 0 0 0 0 0 0 0 0 0 0 0 0 0
45 194 0 0 0 0 0 0 0 0 0 0 0 0 0 0 0 0 0 0
172 602 603 14 276 83 179 604 69 0 0 0 0 0 0 0 0 0 0 0
405 7 25 605 52 0 0 0 0 0 0 0 0 0 0 0 0 0 0 0
349 25 5 14 172 83 179 339 229 69 606 0 0 0 0 0 0 0 0 0
53 83 14 175 194 37 0 0 0 0 0 0 0 0 0 0 0 0 0 0
172 53 95 0 0 0 0 0 0 0 0 0 0 0 0 0 0 0 0 0
131 276 83 355 607 25 608 14 609 83 170 101 15 69 0 0 0 0 0 0
38 19 610 15 611 484 25 285 108 139 14 612 613 0 0 0 0 0 0 0
108 34 614 181 38 100 294 615 14 131 54 55 616 152 608 14 34 617 15 618
216 25 592 619 1 620 14 34 359 420 546 34 621 622 600 0 0 0 0 0
179 365 623 14 175 194 37 14 624 0 0 0 0 0 0 0 0 0 0 0
172 598 69 276 0 0 0 0 0 0 0 0 0 0 0 0 0 0 0 0
53 625 25 546 53 626 229 567 14 175 349 25 5 0 0 0 0 0 0 0
19 420 627 628 15 629 0 0 0 0 0 0 0 0 0 0 0 0 0 0
37 630 286 34 286 0 0 0 0 0 0 0 0 0 0 0 0 0 0 0
38 12 386 50 496 34 50 631 50 94 14 348 632 351 0 0 0 0 0 0
179 55 633 152 38 394 0 0 0 0 0 0 0 0 0 0 0 0 0 0
38 19 634 546 0 0 0 0 0 0 0 0 0 0 0 0 0 0 0 0
568 0 0 0 0 0 0 0 0 0 0 0 0 0 0 0 0 0 0 0
45 194 635 0 0 0 0 0 0 0 0 0 0 0 0 0 0 0 0 0
172 116 568 72 14 598 69 286 0 0 0 0 0 0 0 0 0 0 0 0
636 15 69 14 568 0 0 0 0 0 0 0 0 0 0 0 0 0 0 0
53 55 637 15 638 14 175 25 5 349 0 0 0 0 0 0 0 0 0 0
554 100 53 598 179 181 53 267 0 0 0 0 0 0 0 0 0 0 0 0
1 183 161 286 19 639 15 69 0 0 0 0 0 0 0 0 0 0 0 0
53 100 294 640 14 53 100 294 641 14 53 100 294 642 643 0 0 0 0 0
38 12 1 644 17 37 14 645 45 646 647 14 15 47 648 229 27 649 650 0
651 0 0 0 0 0 0 0 0 0 0 0 0 0 0 0 0 0 0 0
25 5 235 0 0 0 0 0 0 0 0 0 0 0 0 0 0 0 0 0
348 87 13 14 175 652 37 0 0 0 0 0 0 0 0 0 0 0 0 0
172 34 653 136 25 654 0 0 0 0 0 0 0 0 0 0 0 0 0 0
25 462 654 14 175 194 25 5 0 0 0 0 0 0 0 0 0 0 0 0
172 20 640 14 20 655 0 0 0 0 0 0 0 0 0 0 0 0 0 0
656 657 658 0 0 0 0 0 0 0 0 0 0 0 0 0 0 0 0 0
179 659 660 0 0 0 0 0 0 0 0 0 0 0 0 0 0 0 0 0
194 37 0 0 0 0 0 0 0 0 0 0 0 0 0 0 0 0 0 0
152 25 661 7 25 662 14 175 349 25 5 0 0 0 0 0 0 0 0 0
179 54 55 663 664 1 665 666 7 667 229 348 87 14 175 194 37 0 0 0
139 0 0 0 0 0 0 0 0 0 0 0 0 0 0 0 0 0 0 0
294 15 85 24 20 668 669 100 395 670 43 340 567 10 671 672 0 0 0 0
428 673 53 0 0 0 0 0 0 0 0 0 0 0 0 0 0 0 0 0
139 14 516 12 53 0 0 0 0 0 0 0 0 0 0 0 0 0 0 0
129 0 0 0 0 0 0 0 0 0 0 0 0 0 0 0 0 0 0 0
190 25 5 14 674 420 600 216 0 0 0 0 0 0 0 0 0 0 0 0
172 675 12 676 0 0 0 0 0 0 0 0 0 0 0 0 0 0 0 0
25 677 7 678 81 131 1 679 7 680 229 25 681 682 7 676 0 0 0 0
141 94 654 7 25 683 321 14 175 25 592 194 14 172 53 684 685 0 0 0
81 18 20 202 686 15 312 420 687 267 688 689 0 0 0 0 0 0 0 0
37 12 183 238 690 15 390 25 592 103 152 141 691 14 34 692 15 693 694 0
390 69 0 0 0 0 0 0 0 0 0 0 0 0 0 0 0 0 0 0
190 25 5 0 0 0 0 0 0 0 0 0 0 0 0 0 0 0 0 0
172 304 654 19 695 696 0 0 0 0 0 0 0 0 0 0 0 0 0 0
53 178 14 175 194 37 0 0 0 0 0 0 0 0 0 0 0 0 0 0
172 131 83 84 79 697 41 69 0 0 0 0 0 0 0 0 0 0 0 0
83 84 79 698 14 568 0 0 0 0 0 0 0 0 0 0 0 0 0 0
699 0 0 0 0 0 0 0 0 0 0 0 0 0 0 0 0 0 0 0
77 38 19 24 53 700 291 179 229 1 701 24 179 100 180 14 53 702 598 0
53 55 522 703 704 179 86 34 86 1 438 0 0 0 0 0 0 0 0 0
38 12 294 325 705 706 0 0 0 0 0 0 0 0 0 0 0 0 0 0
37 707 14 34 708 709 299 27 710 0 0 0 0 0 0 0 0 0 0 0
24 19 20 687 711 7 304 712 14 175 713 25 5 0 0 0 0 0 0 0
172 53 102 714 15 715 179 24 179 55 428 1 716 34 717 7 718 719 0 0
1 716 34 717 7 304 720 14 721 0 0 0 0 0 0 0 0 0 0 0
179 81 722 1 40 723 15 69 14 175 194 37 0 0 0 0 0 0 0 0
172 724 0 0 0 0 0 0 0 0 0 0 0 0 0 0 0 0 0 0
179 178 79 535 14 175 725 25 5 14 172 30 512 355 0 0 0 0 0 0
37 10 726 280 727 50 515 50 25 5 10 160 242 0 0 0 0 0 0 0
19 24 25 716 34 717 179 728 14 568 0 0 0 0 0 0 0 0 0 0
45 378 229 729 192 0 0 0 0 0 0 0 0 0 0 0 0 0 0 0
38 19 0 0 0 0 0 0 0 0 0 0 0 0 0 0 0 0 0 0
53 108 53 445 53 444 400 294 14 175 194 37 0 0 0 0 0 0 0 0
324 414 730 14 175 194 25 5 14 172 179 100 294 717 15 731 732 53 733 0
734 25 275 266 177 25 735 736 340 0 0 0 0 0 0 0 0 0 0 0
78 84 53 737 738 136 141 453 14 34 55 38 664 14 568 0 0 0 0 0
739 0 0 0 0 0 0 0 0 0 0 0 0 0 0 0 0 0 0 0
734 25 740 152 25 741 352 141 25 137 434 0 0 0 0 0 0 0 0 0
25 742 14 743 741 352 177 25 319 744 7 745 240 529 15 746 0 0 0 0
37 74 94 30 747 482 420 748 314 177 25 749 81 750 531 30 751 0 0 0
38 752 37 15 753 14 312 45 76 0 0 0 0 0 0 0 0 0 0 0
37 754 0 0 0 0 0 0 0 0 0 0 0 0 0 0 0 0 0 0
37 218 15 25 755 123 756 229 27 757 0 0 0 0 0 0 0 0 0 0
45 758 0 0 0 0 0 0 0 0 0 0 0 0 0 0 0 0 0 0
25 759 12 760 17 761 14 762 763 34 764 765 766 14 34 767 50 170 270 0
86 160 56 768 769 770 229 414 771 0 0 0 0 0 0 0 0 0 0 0
772 347 773 774 775 776 14 97 776 777 581 14 778 294 598 0 0 0 0 0
131 170 34 414 779 780 774 531 217 34 781 646 50 38 160 56 177 45 467 782
37 783 25 755 14 34 784 25 122 30 312 25 5 785 0 0 0 0 0 0
38 12 786 787 14 50 45 160 787 38 17 27 231 600 14 34 25 788 81 789
45 790 15 382 172 195 0 0 0 0 0 0 0 0 0 0 0 0 0 0
131 754 791 275 792 0 0 0 0 0 0 0 0 0 0 0 0 0 0 0
307 45 793 43 25 434 0 0 0 0 0 0 0 0 0 0 0 0 0 0
745 0 0 0 0 0 0 0 0 0 0 0 0 0 0 0 0 0 0 0
38 12 794 332 177 45 270 15 795 0 0 0 0 0 0 0 0 0 0 0
25 796 12 797 0 0 0 0 0 0 0 0 0 0 0 0 0 0 0 0
325 798 799 663 775 25 800 0 0 0 0 0 0 0 0 0 0 0 0 0
745 0 0 0 0 0 0 0 0 0 0 0 0 0 0 0 0 0 0 0
45 801 25 802 7 27 803 14 15 804 94 685 805 0 0 0 0 0 0 0
420 806 161 807 808 745 14 34 754 0 0 0 0 0 0 0 0 0 0 0
38 19 84 809 24 810 292 15 25 811 14 34 94 19 745 141 812 0 0 0
25 706 593 325 813 340 14 45 814 115 7 795 14 34 815 816 15 25 755 0
94 12 1 665 817 14 279 172 512 818 519 819 7 94 820 821 822 15 346 0
72 10 5 823 138 694 0 0 0 0 0 0 0 0 0 0 0 0 0 0
141 272 824 41 27 825 826 0 0 0 0 0 0 0 0 0 0 0 0 0
827 14 828 0 0 0 0 0 0 0 0 0 0 0 0 0 0 0 0 0
1 829 794 14 175 194 37 14 830 0 0 0 0 0 0 0 0 0 0 0
827 14 828 0 0 0 0 0 0 0 0 0 0 0 0 0 0 0 0 0
524 794 14 175 194 37 0 0 0 0 0 0 0 0 0 0 0 0 0 0
827 14 828 0 0 0 0 0 0 0 0 0 0 0 0 0 0 0 0 0
1 829 15 38 14 175 194 37 0 0 0 0 0 0 0 0 0 0 0 0
827 14 828 0 0 0 0 0 0 0 0 0 0 0 0 0 0 0 0 0
25 434 831 14 175 194 37 832 14 172 34 98 833 0 0 0 0 0 0 0
687 834 219 229 25 323 41 835 14 34 25 836 7 27 795 81 837 0 0 0
25 836 7 27 795 81 837 838 14 53 598 179 14 30 1 48 0 0 0 0
294 839 141 27 840 14 554 25 836 141 27 91 14 131 841 15 842 475 12 843
25 844 81 183 631 845 217 25 600 25 137 14 50 283 420 846 81 7 847 848
420 513 34 840 14 685 849 850 14 81 14 486 841 851 14 852 0 0 0 0
555 94 14 545 14 177 37 476 141 38 17 853 854 14 12 855 420 856 857 0
34 14 229 25 183 260 7 94 14 858 79 831 216 217 859 34 860 50 241 0
365 179 25 779 14 257 14 861 295 12 862 15 69 0 0 0 0 0 0 0
863 0 0 0 0 0 0 0 0 0 0 0 0 0 0 0 0 0 0 0
53 102 0 0 0 0 0 0 0 0 0 0 0 0 0 0 0 0 0 0
25 192 12 864 34 865 0 0 0 0 0 0 0 0 0 0 0 0 0 0
866 515 14 50 283 14 867 7 868 869 704 138 14 38 81 141 1 870 0 0
558 34 181 365 179 0 0 0 0 0 0 0 0 0 0 0 0 0 0 0
37 378 0 0 0 0 0 0 0 0 0 0 0 0 0 0 0 0 0 0
53 102 25 5 7 2 794 0 0 0 0 0 0 0 0 0 0 0 0 0
631 794 0 0 0 0 0 0 0 0 0 0 0 0 0 0 0 0 0 0
871 37 217 872 7 420 873 874 0 0 0 0 0 0 0 0 0 0 0 0
20 0 0 0 0 0 0 0 0 0 0 0 0 0 0 0 0 0 0 0
230 794 0 0 0 0 0 0 0 0 0 0 0 0 0 0 0 0 0 0
181 0 0 0 0 0 0 0 0 0 0 0 0 0 0 0 0 0 0 0
875 25 5 14 172 267 179 307 876 47 115 14 17 877 14 25 687 53 638 0
878 314 879 15 880 181 129 750 138 18 0 0 0 0 0 0 0 0 0 0
230 881 0 0 0 0 0 0 0 0 0 0 0 0 0 0 0 0 0 0
194 25 5 0 0 0 0 0 0 0 0 0 0 0 0 0 0 0 0 0
882 95 55 533 138 883 14 43 38 194 884 123 175 230 885 14 204 0 0 0
737 886 0 0 0 0 0 0 0 0 0 0 0 0 0 0 0 0 0 0
38 47 115 420 887 48 50 38 888 14 34 548 138 889 30 890 0 0 0 0
891 0 0 0 0 0 0 0 0 0 0 0 0 0 0 0 0 0 0 0
34 607 17 69 0 0 0 0 0 0 0 0 0 0 0 0 0 0 0 0
25 892 14 545 865 50 1 893 10 48 14 894 15 79 895 0 0 0 0 0
45 896 123 131 14 897 24 25 779 314 898 755 14 548 420 899 229 900 0 0
53 102 1 901 14 175 37 902 14 172 34 903 15 904 0 0 0 0 0 0
25 905 160 906 0 0 0 0 0 0 0 0 0 0 0 0 0 0 0 0
294 1 907 7 38 12 15 79 908 0 0 0 0 0 0 0 0 0 0 0
40 909 0 0 0 0 0 0 0 0 0 0 0 0 0 0 0 0 0 0
194 37 14 910 27 600 531 50 45 911 138 0 0 0 0 0 0 0 0 0
172 53 12 912 229 94 913 0 0 0 0 0 0 0 0 0 0 0 0 0
53 12 1 914 463 0 0 0 0 0 0 0 0 0 0 0 0 0 0 0
25 779 915 41 138 916 0 0 0 0 0 0 0 0 0 0 0 0 0 0
230 917 19 624 14 175 194 25 5 0 0 0 0 0 0 0 0 0 0 0
172 34 181 19 24 41 918 0 0 0 0 0 0 0 0 0 0 0 0 0
179 919 25 232 0 0 0 0 0 0 0 0 0 0 0 0 0 0 0 0
871 25 779 0 0 0 0 0 0 0 0 0 0 0 0 0 0 0 0 0
920 38 0 0 0 0 0 0 0 0 0 0 0 0 0 0 0 0 0 0
190 37 17 921 217 172 53 78 607 38 922 0 0 0 0 0 0 0 0 0
628 15 55 923 38 43 307 86 87 0 0 0 0 0 0 0 0 0 0 0
404 25 5 0 0 0 0 0 0 0 0 0 0 0 0 0 0 0 0 0
233 265 399 152 0 0 0 0 0 0 0 0 0 0 0 0 0 0 0 0
221 222 123 223 175 179 919 25 232 0 0 0 0 0 0 0 0 0 0 0
871 25 779 0 0 0 0 0 0 0 0 0 0 0 0 0 0 0 0 0
172 924 0 0 0 0 0 0 0 0 0 0 0 0 0 0 0 0 0 0
190 37 17 921 217 172 53 78 607 38 922 0 0 0 0 0 0 0 0 0
347 365 131 925 7 25 926 24 55 56 14 175 194 25 5 0 0 0 0 0
170 55 20 927 7 265 0 0 0 0 0 0 0 0 0 0 0 0 0 0
25 928 929 173 152 217 34 50 170 173 14 37 74 34 930 456 340 0 0 0
276 12 45 931 577 136 932 15 180 581 0 0 0 0 0 0 0 0 0 0
933 27 159 934 935 14 34 27 305 936 219 50 170 270 794 0 0 0 0 0
181 12 186 2 15 37 0 0 0 0 0 0 0 0 0 0 0 0 0 0
115 41 186 2 0 0 0 0 0 0 0 0 0 0 0 0 0 0 0 0
181 40 160 38 241 242 15 138 0 0 0 0 0 0 0 0 0 0 0 0
25 937 19 294 255 938 14 175 194 25 5 0 0 0 0 0 0 0 0 0
172 1 939 940 14 941 30 27 942 14 19 322 18 379 0 0 0 0 0 0
37 194 45 74 38 0 0 0 0 0 0 0 0 0 0 0 0 0 0 0
34 45 943 0 0 0 0 0 0 0 0 0 0 0 0 0 0 0 0 0
944 945 34 946 229 25 947 217 34 25 948 949 81 950 17 951 0 0 0 0
170 270 14 25 5 34 37 14 518 25 952 14 15 1 122 141 953 7 25 485
25 779 801 138 152 25 954 14 34 955 15 27 956 957 14 958 41 27 959 0
276 14 38 10 960 961 0 0 0 0 0 0 0 0 0 0 0 0 0 0
37 875 229 962 0 0 0 0 0 0 0 0 0 0 0 0 0 0 0 0
172 38 10 963 964 960 961 0 0 0 0 0 0 0 0 0 0 0 0 0
268 14 268 14 53 85 0 0 0 0 0 0 0 0 0 0 0 0 0 0
202 914 0 0 0 0 0 0 0 0 0 0 0 0 0 0 0 0 0 0
34 965 14 175 194 37 14 172 34 966 967 14 968 217 18 170 399 0 0 0
34 25 969 10 970 617 971 174 30 25 972 123 18 45 19 973 153 0 0 0
974 138 199 0 0 0 0 0 0 0 0 0 0 0 0 0 0 0 0 0
53 975 976 7 38 0 0 0 0 0 0 0 0 0 0 0 0 0 0 0
181 129 160 977 15 978 15 25 979 0 0 0 0 0 0 0 0 0 0 0
221 222 123 223 175 276 14 38 10 960 961 0 0 0 0 0 0 0 0 0
37 875 229 962 0 0 0 0 0 0 0 0 0 0 0 0 0 0 0 0
38 10 963 116 980 960 961 0 0 0 0 0 0 0 0 0 0 0 0 0
223 981 175 18 10 25 982 0 0 0 0 0 0 0 0 0 0 0 0 0
190 37 0 0 0 0 0 0 0 0 0 0 0 0 0 0 0 0 0 0
202 983 984 45 985 138 14 177 45 173 782 216 519 986 25 987 0 0 0 0
988 983 984 14 169 55 179 56 14 989 0 0 0 0 0 0 0 0 0 0
25 405 990 45 12 991 14 131 45 12 84 0 0 0 0 0 0 0 0 0
38 12 992 14 179 85 0 0 0 0 0 0 0 0 0 0 0 0 0 0
18 993 994 14 995 43 27 567 15 25 996 0 0 0 0 0 0 0 0 0
997 0 0 0 0 0 0 0 0 0 0 0 0 0 0 0 0 0 0 0
998 0 0 0 0 0 0 0 0 0 0 0 0 0 0 0 0 0 0 0
999 0 0 0 0 0 0 0 0 0 0 0 0 0 0 0 0 0 0 0
34 190 216 0 0 0 0 0 0 0 0 0 0 0 0 0 0 0 0 0
181 19 25 1000 0 0 0 0 0 0 0 0 0 0 0 0 0 0 0 0
371 25 779 0 0 0 0 0 0 0 0 0 0 0 0 0 0 0 0 0
98 14 175 194 37 0 0 0 0 0 0 0 0 0 0 0 0 0 0 0
172 98 0 0 0 0 0 0 0 0 0 0 0 0 0 0 0 0 0 0
18 12 1 914 1001 1 1002 141 304 122 319 352 0 0 0 0 0 0 0 0
53 225 486 15 55 1003 138 1004 123 24 10 136 0 0 0 0 0 0 0 0
37 10 1005 957 1006 1007 141 25 1008 14 34 25 323 646 1009 1010 34 286 1011 0
45 12 294 959 296 14 131 1012 219 34 174 1013 0 0 0 0 0 0 0 0
1014 141 25 5 14 34 14 17 1 1015 1016 7 27 153 14 1017 1018 25 122 0
53 55 101 15 1019 179 782 14 963 967 0 0 0 0 0 0 0 0 0 0
194 25 940 14 1020 1021 600 14 34 1022 174 15 1023 0 0 0 0 0 0 0
172 15 1019 179 782 14 782 14 782 0 0 0 0 0 0 0 0 0 0 0
782 14 161 1024 0 0 0 0 0 0 0 0 0 0 0 0 0 0 0 0
205 25 914 0 0 0 0 0 0 0 0 0 0 0 0 0 0 0 0 0
268 0 0 0 0 0 0 0 0 0 0 0 0 0 0 0 0 0 0 0
194 25 940 14 1025 7 1026 0 0 0 0 0 0 0 0 0 0 0 0 0
172 782 43 40 34 136 0 0 0 0 0 0 0 0 0 0 0 0 0 0
782 1027 34 241 0 0 0 0 0 0 0 0 0 0 0 0 0 0 0 0
1028 19 307 238 1029 288 45 448 15 79 14 24 1030 909 0 0 0 0 0 0
1031 201 15 79 1 405 0 0 0 0 0 0 0 0 0 0 0 0 0 0
179 365 255 1 893 14 161 1024 0 0 0 0 0 0 0 0 0 0 0 0
875 25 914 0 0 0 0 0 0 0 0 0 0 0 0 0 0 0 0 0
1 1032 192 229 25 952 190 14 172 1019 174 1033 37 10 1034 14 18 0 0 0
722 1 1035 1036 14 1037 1 1038 54 55 1039 14 175 1040 5 0 0 0 0 0
172 131 1041 160 1 1042 305 0 0 0 0 0 0 0 0 0 0 0 0 0
307 1041 160 14 175 190 37 0 0 0 0 0 0 0 0 0 0 0 0 0
172 179 201 199 0 0 0 0 0 0 0 0 0 0 0 0 0 0 0 0
53 178 294 1043 38 14 779 0 0 0 0 0 0 0 0 0 0 0 0 0
188 1044 0 0 0 0 0 0 0 0 0 0 0 0 0 0 0 0 0 0
1041 1045 1 893 14 175 194 25 5 14 172 34 160 14 50 53 445 14 1046 0
340 940 14 175 37 205 0 0 0 0 0 0 0 0 0 0 0 0 0 0
1047 14 175 194 25 5 0 0 0 0 0 0 0 0 0 0 0 0 0 0
172 230 196 0 0 0 0 0 0 0 0 0 0 0 0 0 0 0 0 0
37 526 1048 229 27 52 217 34 132 1049 14 172 268 0 0 0 0 0 0 0
25 5 754 141 1 1050 121 122 14 34 371 37 283 1051 38 0 0 0 0 0
85 38 0 0 0 0 0 0 0 0 0 0 0 0 0 0 0 0 0 0
194 37 0 0 0 0 0 0 0 0 0 0 0 0 0 0 0 0 0 0
172 12 53 1052 463 0 0 0 0 0 0 0 0 0 0 0 0 0 0 0
170 270 229 0 0 0 0 0 0 0 0 0 0 0 0 0 0 0 0 0
1053 27 305 14 38 10 1054 1055 216 0 0 0 0 0 0 0 0 0 0 0
116 1054 1056 174 27 375 14 34 476 219 141 25 796 14 1057 15 25 434 7 348
721 0 0 0 0 0 0 0 0 0 0 0 0 0 0 0 0 0 0 0
1058 0 0 0 0 0 0 0 0 0 0 0 0 0 0 0 0 0 0 0
37 10 1005 957 14 296 1059 1 1060 405 14 173 1061 229 14 1062 30 27 1063 0
1058 1064 14 15 79 198 0 0 0 0 0 0 0 0 0 0 0 0 0 0
194 37 15 25 5 0 0 0 0 0 0 0 0 0 0 0 0 0 0 0
172 1053 69 14 268 0 0 0 0 0 0 0 0 0 0 0 0 0 0 0
18 45 19 0 0 0 0 0 0 0 0 0 0 0 0 0 0 0 0 0
45 12 183 238 1065 15 69 14 12 1058 0 0 0 0 0 0 0 0 0 0
202 1058 0 0 0 0 0 0 0 0 0 0 0 0 0 0 0 0 0 0
963 14 963 0 0 0 0 0 0 0 0 0 0 0 0 0 0 0 0 0
1066 1067 14 304 1068 0 0 0 0 0 0 0 0 0 0 0 0 0 0 0
194 1054 0 0 0 0 0 0 0 0 0 0 0 0 0 0 0 0 0 0
172 20 286 1069 1070 0 0 0 0 0 0 0 0 0 0 0 0 0 0 0
1071 14 1058 0 0 0 0 0 0 0 0 0 0 0 0 0 0 0 0 0
2 14 721 0 0 0 0 0 0 0 0 0 0 0 0 0 0 0 0 0
179 267 84 339 77 841 332 1072 270 141 38 0 0 0 0 0 0 0 0 0
1073 0 0 0 0 0 0 0 0 0 0 0 0 0 0 0 0 0 0 0
190 116 1054 14 1074 174 299 25 1075 1076 1077 1078 0 0 0 0 0 0 0 0
172 860 1079 14 304 1080 14 34 233 10 55 1081 7 1082 0 0 0 0 0 0
1073 14 1058 0 0 0 0 0 0 0 0 0 0 0 0 0 0 0 0 0
1083 14 721 0 0 0 0 0 0 0 0 0 0 0 0 0 0 0 0 0
860 1079 0 0 0 0 0 0 0 0 0 0 0 0 0 0 0 0 0 0
38 12 242 1084 525 0 0 0 0 0 0 0 0 0 0 0 0 0 0 0
229 173 1085 0 0 0 0 0 0 0 0 0 0 0 0 0 0 0 0 0
1054 14 340 1086 1087 1088 0 0 0 0 0 0 0 0 0 0 0 0 0 0
229 173 25 512 1089 1090 14 1091 34 1092 0 0 0 0 0 0 0 0 0 0
229 173 25 1093 1060 1094 861 1095 1096 0 0 0 0 0 0 0 0 0 0 0
229 173 136 25 1060 1097 34 1098 1099 229 25 129 0 0 0 0 0 0 0 0
1100 25 1101 14 17 1102 1103 25 1104 0 0 0 0 0 0 0 0 0 0 0
229 173 25 1105 14 1106 967 10 1107 723 25 1108 0 0 0 0 0 0 0 0
34 25 1109 1110 1111 475 775 1 1112 7 1113 14 1114 594 43 24 1115 0 0 0
1116 7 405 558 74 27 129 211 288 179 97 53 78 55 1117 138 0 0 0 0
1118 219 172 257 1119 1120 1121 0 0 0 0 0 0 0 0 0 0 0 0 0
204 116 1054 118 1122 1123 17 1085 0 0 0 0 0 0 0 0 0 0 0 0
1054 0 0 0 0 0 0 0 0 0 0 0 0 0 0 0 0 0 0 0
131 283 170 160 56 1124 50 86 108 1125 0 0 0 0 0 0 0 0 0 0
1126 1127 108 116 1054 1128 56 1 1129 43 581 14 34 307 267 1085 0 0 0 0
1054 0 0 0 0 0 0 0 0 0 0 0 0 0 0 0 0 0 0 0
50 15 1130 14 1131 1132 15 79 27 474 229 456 1133 7 25 1134 0 0 0 0
283 24 10 1135 1136 14 598 69 1137 14 34 53 317 1138 38 0 0 0 0 0
1 1139 687 1140 1141 299 1054 10 1142 0 0 0 0 0 0 0 0 0 0 0
170 1143 229 456 711 7 25 1144 1145 0 0 0 0 0 0 0 0 0 0 0
179 78 84 55 1146 14 141 310 1003 654 14 181 1147 7 581 741 0 0 0 0
34 177 116 1054 34 1085 0 0 0 0 0 0 0 0 0 0 0 0 0 0
177 25 796 1118 1148 14 94 1149 1150 1151 219 0 0 0 0 0 0 0 0 0
346 0 0 0 0 0 0 0 0 0 0 0 0 0 0 0 0 0 0 0
34 1085 0 0 0 0 0 0 0 0 0 0 0 0 0 0 0 0 0 0
1152 25 462 7 94 654 37 160 1153 486 1 405 115 7 1154 0 0 0 0 0
27 305 34 1155 81 229 25 1156 14 34 17 27 1005 957 0 0 0 0 0 0
1157 1158 14 1159 1158 14 1160 1158 14 1161 25 856 1162 0 0 0 0 0 0 0
1 1163 1000 14 175 194 25 5 14 172 15 395 347 1164 1165 307 386 1166 0 0
1163 0 0 0 0 0 0 0 0 0 0 0 0 0 0 0 0 0 0 0
1167 37 0 0 0 0 0 0 0 0 0 0 0 0 0 0 0 0 0 0
19 38 294 0 0 0 0 0 0 0 0 0 0 0 0 0 0 0 0 0
45 240 1168 131 1 1169 1170 7 230 901 1171 123 512 97 1126 14 1172 0 0 0
19 24 307 238 24 45 1173 94 1136 0 0 0 0 0 0 0 0 0 0 0
172 38 19 84 24 14 779 0 0 0 0 0 0 0 0 0 0 0 0 0
25 618 45 1174 255 50 665 50 283 38 1175 1 1176 0 0 0 0 0 0 0
45 1177 25 779 10 1178 14 34 754 0 0 0 0 0 0 0 0 0 0 0
181 19 25 1000 0 0 0 0 0 0 0 0 0 0 0 0 0 0 0 0
371 25 5 0 0 0 0 0 0 0 0 0 0 0 0 0 0 0 0 0
98 1107 14 175 194 37 0 0 0 0 0 0 0 0 0 0 0 0 0 0
1004 14 53 445 0 0 0 0 0 0 0 0 0 0 0 0 0 0 0 0
25 5 1179 0 0 0 0 0 0 0 0 0 0 0 0 0 0 0 0 0
20 14 175 194 37 14 172 20 0 0 0 0 0 0 0 0 0 0 0 0
53 225 486 15 79 1180 15 382 1 326 97 1181 304 32 499 296 0 0 0 0
24 10 136 0 0 0 0 0 0 0 0 0 0 0 0 0 0 0 0 0
304 654 1182 1183 14 175 404 25 779 0 0 0 0 0 0 0 0 0 0 0
172 1184 0 0 0 0 0 0 0 0 0 0 0 0 0 0 0 0 0 0
43 216 37 1185 1186 0 0 0 0 0 0 0 0 0 0 0 0 0 0 0
45 1187 296 217 1 405 229 25 1188 7 567 0 0 0 0 0 0 0 0 0
38 1189 161 14 175 1041 194 1190 0 0 0 0 0 0 0 0 0 0 0 0
172 15 179 14 183 161 0 0 0 0 0 0 0 0 0 0 0 0 0 0
181 1191 240 1192 179 0 0 0 0 0 0 0 0 0 0 0 0 0 0 0
45 1193 0 0 0 0 0 0 0 0 0 0 0 0 0 0 0 0 0 0
1 1194 340 0 0 0 0 0 0 0 0 0 0 0 0 0 0 0 0 0
94 19 25 1195 1196 7 25 285 0 0 0 0 0 0 0 0 0 0 0 0
45 194 0 0 0 0 0 0 0 0 0 0 0 0 0 0 0 0 0 0
179 1197 25 285 591 238 14 175 1041 132 889 0 0 0 0 0 0 0 0 0
172 136 230 1198 55 1199 775 25 717 7 593 577 25 716 7 420 1200 0 0 0
53 55 908 230 1201 1202 904 1203 340 30 340 14 1204 1033 1205 14 1206 14 1207 179
55 53 294 0 0 0 0 0 0 0 0 0 0 0 0 0 0 0 0 0
181 204 0 0 0 0 0 0 0 0 0 0 0 0 0 0 0 0 0 0
45 1208 0 0 0 0 0 0 0 0 0 0 0 0 0 0 0 0 0 0
172 555 283 53 55 1059 307 238 1209 14 1210 0 0 0 0 0 0 0 0 0
53 102 294 1211 1018 179 0 0 0 0 0 0 0 0 0 0 0 0 0 0
1041 359 1102 153 0 0 0 0 0 0 0 0 0 0 0 0 0 0 0 0
102 53 0 0 0 0 0 0 0 0 0 0 0 0 0 0 0 0 0 0
1212 1213 19 325 116 340 0 0 0 0 0 0 0 0 0 0 0 0 0 0
179 1214 1211 0 0 0 0 0 0 0 0 0 0 0 0 0 0 0 0 0
177 38 12 314 1215 1216 405 0 0 0 0 0 0 0 0 0 0 0 0 0
53 12 1 914 14 175 45 194 1217 0 0 0 0 0 0 0 0 0 0 0
230 231 1218 1219 179 24 179 81 294 181 179 365 14 175 1220 0 0 0 0 0
172 53 102 0 0 0 0 0 0 0 0 0 0 0 0 0 0 0 0 0
24 312 466 618 177 301 81 340 229 1221 1222 17 1223 296 24 301 365 332 0 0
77 171 34 77 1224 1225 990 7 94 53 178 294 382 0 0 0 0 0 0 0
38 19 203 24 53 1226 1227 38 14 34 100 1228 179 0 0 0 0 0 0 0
55 53 241 1229 1228 0 0 0 0 0 0 0 0 0 0 0 0 0 0 0
229 1008 0 0 0 0 0 0 0 0 0 0 0 0 0 0 0 0 0 0
20 0 0 0 0 0 0 0 0 0 0 0 0 0 0 0 0 0 0 0
113 0 0 0 0 0 0 0 0 0 0 0 0 0 0 0 0 0 0 0
229 181 14 204 0 0 0 0 0 0 0 0 0 0 0 0 0 0 0 0
229 1158 24 314 304 281 1230 1231 97 1232 229 230 819 0 0 0 0 0 0 0
1125 14 20 0 0 0 0 0 0 0 0 0 0 0 0 0 0 0 0 0
45 526 15 1233 15 25 1234 7 94 1235 229 1236 1237 0 0 0 0 0 0 0
131 45 194 14 17 1 1238 14 172 179 445 294 0 0 0 0 0 0 0 0
53 267 1239 445 80 283 53 78 14 175 1041 132 0 0 0 0 0 0 0 0
172 1240 0 0 0 0 0 0 0 0 0 0 0 0 0 0 0 0 0 0
177 1241 55 1242 1 1243 486 94 14 53 85 77 887 1244 38 95 79 0 0 0
53 83 217 34 53 1228 179 0 0 0 0 0 0 0 0 0 0 0 0 0
17 1 386 305 14 43 25 281 7 138 179 453 81 0 0 0 0 0 0 0
45 12 23 15 1245 217 131 14 17 1102 153 617 299 138 14 1041 725 0 0 0
179 239 108 25 1246 7 181 19 794 524 585 69 717 179 178 108 1247 229 94 0
239 179 79 320 229 25 567 179 1248 0 0 0 0 0 0 0 0 0 0 0
1041 322 138 14 34 170 1249 0 0 0 0 0 0 0 0 0 0 0 0 0
779 0 0 0 0 0 0 0 0 0 0 0 0 0 0 0 0 0 0 0
194 37 14 172 1250 69 20 286 0 0 0 0 0 0 0 0 0 0 0 0
1251 69 782 0 0 0 0 0 0 0 0 0 0 0 0 0 0 0 0 0
276 83 1252 15 1253 69 0 0 0 0 0 0 0 0 0 0 0 0 0 0
340 1254 286 0 0 0 0 0 0 0 0 0 0 0 0 0 0 0 0 0
875 25 5 0 0 0 0 0 0 0 0 0 0 0 0 0 0 0 0 0
20 286 0 0 0 0 0 0 0 0 0 0 0 0 0 0 0 0 0 0
190 37 0 0 0 0 0 0 0 0 0 0 0 0 0 0 0 0 0 0
172 20 286 0 0 0 0 0 0 0 0 0 0 0 0 0 0 0 0 0
53 83 84 381 15 180 38 0 0 0 0 0 0 0 0 0 0 0 0 0
1250 69 1255 0 0 0 0 0 0 0 0 0 0 0 0 0 0 0 0 0
131 25 1256 5 1257 138 229 133 27 844 14 34 1258 1259 1260 181 292 741 0 0
170 81 229 1216 1156 34 913 217 1 323 14 294 183 1042 1261 14 131 386 7 1262
181 267 53 294 55 1003 15 79 340 7 581 0 0 0 0 0 0 0 0 0
545 1263 78 55 56 307 1264 14 20 14 20 0 0 0 0 0 0 0 0 0
15 189 304 567 0 0 0 0 0 0 0 0 0 0 0 0 0 0 0 0
204 25 1265 34 25 1266 14 1267 1268 24 12 314 152 25 1269 1113 0 0 0 0
1270 7 260 34 1271 17 312 25 1272 7 456 1273 1274 0 0 0 0 0 0 0
25 1275 817 7 897 94 1 1276 1277 0 0 0 0 0 0 0 0 0 0 0
25 1278 14 1279 14 34 962 0 0 0 0 0 0 0 0 0 0 0 0 0
170 365 136 1280 1281 0 0 0 0 0 0 0 0 0 0 0 0 0 0 0
558 12 38 0 0 0 0 0 0 0 0 0 0 0 0 0 0 0 0 0
1282 0 0 0 0 0 0 0 0 0 0 0 0 0 0 0 0 0 0 0
77 100 53 0 0 0 0 0 0 0 0 0 0 0 0 0 0 0 0 0
1283 14 83 84 53 85 0 0 0 0 0 0 0 0 0 0 0 0 0 0
1041 258 229 25 137 1038 14 1284 45 1285 0 0 0 0 0 0 0 0 0 0
172 346 0 0 0 0 0 0 0 0 0 0 0 0 0 0 0 0 0 0
37 0 0 0 0 0 0 0 0 0 0 0 0 0 0 0 0 0 0 0
346 0 0 0 0 0 0 0 0 0 0 0 0 0 0 0 0 0 0 0
37 38 12 0 0 0 0 0 0 0 0 0 0 0 0 0 0 0 0 0
1286 1287 41 25 92 7 1288 14 53 390 217 34 18 45 522 237 0 0 0 0
255 237 229 25 285 14 53 83 339 0 0 0 0 0 0 0 0 0 0 0
779 0 0 0 0 0 0 0 0 0 0 0 0 0 0 0 0 0 0 0
194 37 229 1 1289 192 14 172 1290 69 299 94 913 0 0 0 0 0 0 0
53 1291 179 347 81 925 7 25 926 24 55 56 14 175 194 1292 0 0 0 0
172 24 170 365 181 170 365 14 83 294 1293 69 0 0 0 0 0 0 0 0
1290 69 0 0 0 0 0 0 0 0 0 0 0 0 0 0 0 0 0 0
37 875 0 0 0 0 0 0 0 0 0 0 0 0 0 0 0 0 0 0
172 53 100 294 1294 38 0 0 0 0 0 0 0 0 0 0 0 0 0 0
236 69 0 0 0 0 0 0 0 0 0 0 0 0 0 0 0 0 0 0
737 69 91 0 0 0 0 0 0 0 0 0 0 0 0 0 0 0 0 0
1295 69 20 1296 0 0 0 0 0 0 0 0 0 0 0 0 0 0 0 0
1297 14 1298 1299 14 1 829 7 325 434 270 30 14 428 98 173 0 0 0 0
94 1300 386 1301 7 27 52 14 45 663 219 1190 14 34 1302 1303 1304 15 25 122
45 1305 0 0 0 0 0 0 0 0 0 0 0 0 0 0 0 0 0 0
38 12 27 231 323 0 0 0 0 0 0 0 0 0 0 0 0 0 0 0
18 12 20 21 23 24 0 0 0 0 0 0 0 0 0 0 0 0 0 0
131 38 160 1306 1307 1308 0 0 0 0 0 0 0 0 0 0 0 0 0 0
101 229 0 0 0 0 0 0 0 0 0 0 0 0 0 0 0 0 0 0
875 25 5 0 0 0 0 0 0 0 0 0 0 0 0 0 0 0 0 0
172 101 229 0 0 0 0 0 0 0 0 0 0 0 0 0 0 0 0 0
34 85 69 211 14 405 0 0 0 0 0 0 0 0 0 0 0 0 0 0
37 1309 1310 14 34 1311 27 153 291 94 779 0 0 0 0 0 0 0 0 0
53 102 25 5 7 2 1312 14 175 194 25 779 0 0 0 0 0 0 0 0
172 1313 41 69 0 0 0 0 0 0 0 0 0 0 0 0 0 0 0 0
37 1314 76 307 0 0 0 0 0 0 0 0 0 0 0 0 0 0 0 0
38 12 1315 229 340 1316 1317 1318 899 14 97 1319 14 1320 17 1321 1322 0 0 0
179 55 113 908 25 486 7 69 291 0 0 0 0 0 0 0 0 0 0 0
875 25 779 0 0 0 0 0 0 0 0 0 0 0 0 0 0 0 0 0
113 14 175 37 314 212 15 38 0 0 0 0 0 0 0 0 0 0 0 0
713 25 1323 0 0 0 0 0 0 0 0 0 0 0 0 0 0 0 0 0
53 83 84 445 53 55 14 175 194 37 0 0 0 0 0 0 0 0 0 0
172 53 102 1324 53 55 294 0 0 0 0 0 0 0 0 0 0 0 0 0
55 1325 86 1326 14 779 0 0 0 0 0 0 0 0 0 0 0 0 0 0
286 288 1327 1328 14 175 194 25 5 0 0 0 0 0 0 0 0 0 0 0
1 1329 1330 15 1331 43 14 175 1332 37 0 0 0 0 0 0 0 0 0 0
25 5 7 2 1312 896 0 0 0 0 0 0 0 0 0 0 0 0 0 0
779 14 175 194 37 1333 14 172 1251 69 169 179 178 0 0 0 0 0 0 0
53 1334 319 352 152 1335 14 34 53 1336 1 1337 312 19 1338 0 0 0 0 0
1070 14 283 179 55 1339 15 1340 69 14 233 69 1341 30 38 0 0 0 0 0
1342 304 899 0 0 0 0 0 0 0 0 0 0 0 0 0 0 0 0 0
37 76 50 45 12 1291 14 34 1343 38 660 0 0 0 0 0 0 0 0 0
25 1344 1345 1346 81 379 524 1347 14 34 25 1348 1345 81 1349 229 414 1350 0 0
25 1351 1345 0 0 0 0 0 0 0 0 0 0 0 0 0 0 0 0 0
139 14 25 1351 1345 0 0 0 0 0 0 0 0 0 0 0 0 0 0 0
695 783 14 17 1172 332 1352 14 97 340 217 131 484 841 1353 516 1354 0 0 0
43 170 194 14 38 12 1 1355 1356 41 1357 0 0 0 0 0 0 0 0 0
34 307 38 12 0 0 0 0 0 0 0 0 0 0 0 0 0 0 0 0
188 281 38 14 307 38 12 0 0 0 0 0 0 0 0 0 0 0 0 0
19 18 1 1358 1359 229 181 179 1360 299 230 1361 0 0 0 0 0 0 0 0
371 37 0 0 0 0 0 0 0 0 0 0 0 0 0 0 0 0 0 0
18 19 0 0 0 0 0 0 0 0 0 0 0 0 0 0 0 0 0 0
304 231 0 0 0 0 0 0 0 0 0 0 0 0 0 0 0 0 0 0
267 38 1362 15 310 1363 7 1364 152 94 438 0 0 0 0 0 0 0 0 0
371 37 0 0 0 0 0 0 0 0 0 0 0 0 0 0 0 0 0 0
15 310 1365 1003 0 0 0 0 0 0 0 0 0 0 0 0 0 0 0 0
15 1 202 340 685 0 0 0 0 0 0 0 0 0 0 0 0 0 0 0
276 15 1 202 340 685 0 0 0 0 0 0 0 0 0 0 0 0 0 0
371 37 0 0 0 0 0 0 0 0 0 0 0 0 0 0 0 0 0 0
279 38 1366 38 685 0 0 0 0 0 0 0 0 0 0 0 0 0 0 0
779 0 0 0 0 0 0 0 0 0 0 0 0 0 0 0 0 0 0 0
194 37 519 1 215 10 990 0 0 0 0 0 0 0 0 0 0 0 0 0
53 0 0 0 0 0 0 0 0 0 0 0 0 0 0 0 0 0 0 0
190 25 779 0 0 0 0 0 0 0 0 0 0 0 0 0 0 0 0 0
53 0 0 0 0 0 0 0 0 0 0 0 0 0 0 0 0 0 0 0
190 25 779 0 0 0 0 0 0 0 0 0 0 0 0 0 0 0 0 0
179 1367 15 869 347 1368 152 25 1369 438 14 175 194 37 0 0 0 0 0 0
172 1370 1371 15 25 137 184 0 0 0 0 0 0 0 0 0 0 0 0 0
1241 1367 0 0 0 0 0 0 0 0 0 0 0 0 0 0 0 0 0 0
875 25 779 0 0 0 0 0 0 0 0 0 0 0 0 0 0 0 0 0
1372 69 283 53 102 797 0 0 0 0 0 0 0 0 0 0 0 0 0 0
38 240 56 242 229 230 117 14 97 141 1373 1374 7 230 1330 14 175 194 37 0
1375 14 34 1376 414 1377 152 1378 14 294 265 0 0 0 0 0 0 0 0 0
445 7 24 0 0 0 0 0 0 0 0 0 0 0 0 0 0 0 0 0
204 219 896 1085 0 0 0 0 0 0 0 0 0 0 0 0 0 0 0 0
181 240 241 663 230 1379 1028 14 204 0 0 0 0 0 0 0 0 0 0 0
194 1085 0 0 0 0 0 0 0 0 0 0 0 0 0 0 0 0 0 0
1380 0 0 0 0 0 0 0 0 0 0 0 0 0 0 0 0 0 0 0
172 1381 967 14 1021 1382 0 0 0 0 0 0 0 0 0 0 0 0 0 0
34 1383 1384 84 50 1385 319 1357 1386 325 434 0 0 0 0 0 0 0 0 0
463 10 1383 14 1387 0 0 0 0 0 0 0 0 0 0 0 0 0 0 0
194 1 1388 14 1389 50 1041 888 0 0 0 0 0 0 0 0 0 0 0 0
463 10 1383 14 1387 0 0 0 0 0 0 0 0 0 0 0 0 0 0 0
190 25 332 1060 1390 0 0 0 0 0 0 0 0 0 0 0 0 0 0 0
172 1391 0 0 0 0 0 0 0 0 0 0 0 0 0 0 0 0 0 0
1392 1 1393 14 1383 0 0 0 0 0 0 0 0 0 0 0 0 0 0 0
276 14 1053 230 305 1055 14 304 963 14 77 1385 179 365 0 0 0 0 0 0
194 1085 0 0 0 0 0 0 0 0 0 0 0 0 0 0 0 0 0 0
1380 14 1394 1102 1 1395 1127 14 34 1396 1203 1102 1397 34 1398 1102 17 1399 1400 0
597 0 0 0 0 0 0 0 0 0 0 0 0 0 0 0 0 0 0 0
113 52 307 631 50 179 365 101 14 175 194 1085 0 0 0 0 0 0 0 0
1380 0 0 0 0 0 0 0 0 0 0 0 0 0 0 0 0 0 0 0
172 569 1401 291 25 250 14 304 963 14 34 55 1 1402 14 1403 1053 1404 0 0
20 14 20 0 0 0 0 0 0 0 0 0 0 0 0 0 0 0 0 0
18 10 1028 295 14 175 190 25 332 1060 1390 14 558 1405 141 453 0 0 0 0
172 1406 14 1383 14 1406 0 0 0 0 0 0 0 0 0 0 0 0 0 0
1407 43 1021 1382 14 45 1408 1009 1409 14 34 160 27 1410 1411 30 325 1412 1413 0
276 14 169 10 1212 1383 0 0 0 0 0 0 0 0 0 0 0 0 0 0
190 1414 1380 14 570 1415 0 0 0 0 0 0 0 0 0 0 0 0 0 0
294 295 14 175 194 1085 0 0 0 0 0 0 0 0 0 0 0 0 0 0
1380 0 0 0 0 0 0 0 0 0 0 0 0 0 0 0 0 0 0 0
294 295 0 0 0 0 0 0 0 0 0 0 0 0 0 0 0 0 0 0
172 294 295 41 1357 0 0 0 0 0 0 0 0 0 0 0 0 0 0 0
34 77 76 161 1382 1416 0 0 0 0 0 0 0 0 0 0 0 0 0 0
371 1085 0 0 0 0 0 0 0 0 0 0 0 0 0 0 0 0 0 0
1380 177 1041 1417 1414 152 27 1418 14 34 1414 160 1419 27 1420 15 1421 10 1422 0
50 40 50 1423 14 175 194 1414 14 172 34 211 0 0 0 0 0 0 0 0
1424 14 45 1425 647 14 1426 30 1186 307 238 14 34 1427 25 856 926 179 1428 0
1085 0 0 0 0 0 0 0 0 0 0 0 0 0 0 0 0 0 0 0
1429 25 1430 81 1431 152 14 34 1432 12 194 0 0 0 0 0 0 0 0 0
38 12 1433 30 1434 1435 14 50 1085 0 0 0 0 0 0 0 0 0 0 0
18 113 12 516 1 1393 0 0 0 0 0 0 0 0 0 0 0 0 0 0
1414 194 45 76 84 339 18 241 1436 1 1393 1437 0 0 0 0 0 0 0 0
420 1438 34 1359 14 1439 34 1440 14 81 25 1441 7 1442 1443 0 0 0 0 0
131 296 14 25 1444 1445 30 1089 1446 14 1085 0 0 0 0 0 0 0 0 0
439 38 225 294 79 242 203 0 0 0 0 0 0 0 0 0 0 0 0 0
439 38 225 1447 229 1448 0 0 0 0 0 0 0 0 0 0 0 0 0 0
136 1449 7 1450 1451 0 0 0 0 0 0 0 0 0 0 0 0 0 0 0
1452 0 0 0 0 0 0 0 0 0 0 0 0 0 0 0 0 0 0 0
1 665 1453 7 1454 0 0 0 0 0 0 0 0 0 0 0 0 0 0 0
25 1455 12 115 7 25 1456 0 0 0 0 0 0 0 0 0 0 0 0 0
1 1457 1 1458 0 0 0 0 0 0 0 0 0 0 0 0 0 0 0 0
24 12 25 1459 0 0 0 0 0 0 0 0 0 0 0 0 0 0 0 0
24 12 25 1455 0 0 0 0 0 0 0 0 0 0 0 0 0 0 0 0
229 524 1 525 1085 0 0 0 0 0 0 0 0 0 0 0 0 0 0 0
139 14 1 99 1455 0 0 0 0 0 0 0 0 0 0 0 0 0 0 0
1414 1380 194 14 34 1460 591 14 24 1461 38 50 25 1462 1463 1464 30 1085 0 0
1380 1465 1466 0 0 0 0 0 0 0 0 0 0 0 0 0 0 0 0 0
1085 0 0 0 0 0 0 0 0 0 0 0 0 0 0 0 0 0 0 0
38 267 55 56 1467 15 83 307 0 0 0 0 0 0 0 0 0 0 0 0
310 1380 267 55 1468 15 1469 141 516 1470 0 0 0 0 0 0 0 0 0 0
1471 34 1 1472 1473 324 1 1474 0 0 0 0 0 0 0 0 0 0 0 0
204 1475 123 175 1 186 2 15 265 136 14 304 1476 0 0 0 0 0 0 0
188 1053 265 0 0 0 0 0 0 0 0 0 0 0 0 0 0 0 0 0
312 136 25 1330 1477 0 0 0 0 0 0 0 0 0 0 0 0 0 0 0
188 1053 265 456 340 0 0 0 0 0 0 0 0 0 0 0 0 0 0 0
194 1021 1382 14 25 319 7 136 0 0 0 0 0 0 0 0 0 0 0 0
45 522 183 869 15 27 1028 10 573 14 41 27 161 1478 0 0 0 0 0 0
283 347 1479 1480 30 25 1481 14 25 940 178 401 0 0 0 0 0 0 0 0
20 14 20 14 175 194 37 0 0 0 0 0 0 0 0 0 0 0 0 0
172 139 14 20 14 1363 779 0 0 0 0 0 0 0 0 0 0 0 0 0
382 45 178 79 1482 0 0 0 0 0 0 0 0 0 0 0 0 0 0 0
181 204 0 0 0 0 0 0 0 0 0 0 0 0 0 0 0 0 0 0
283 45 79 1483 401 14 45 160 211 83 38 14 34 1484 25 1485 1486 0 0 0
37 1311 27 153 15 390 27 231 1008 1487 30 25 779 14 1488 1489 17 1490 34 1491
178 179 1492 181 1097 391 1493 14 181 1097 391 401 0 0 0 0 0 0 0 0
139 188 0 0 0 0 0 0 0 0 0 0 0 0 0 0 0 0 0 0
15 390 1494 152 25 1495 1496 152 25 591 238 567 1497 27 1498 229 25 1499 0 0
37 1500 291 25 5 10 1501 14 34 14 624 14 1502 27 1503 25 667 0 0 0
131 45 619 581 1504 152 1505 27 231 117 0 0 0 0 0 0 0 0 0 0
346 0 0 0 0 0 0 0 0 0 0 0 0 0 0 0 0 0 0 0
37 0 0 0 0 0 0 0 0 0 0 0 0 0 0 0 0 0 0 0
194 1414 0 0 0 0 0 0 0 0 0 0 0 0 0 0 0 0 0 0
172 53 317 638 179 346 0 0 0 0 0 0 0 0 0 0 0 0 0 0
37 14 25 1506 7 1507 0 0 0 0 0 0 0 0 0 0 0 0 0 0
25 1506 7 25 1508 14 269 0 0 0 0 0 0 0 0 0 0 0 0 0
190 1085 0 0 0 0 0 0 0 0 0 0 0 0 0 0 0 0 0 0
1380 14 1509 0 0 0 0 0 0 0 0 0 0 0 0 0 0 0 0 0
172 1510 53 160 138 463 0 0 0 0 0 0 0 0 0 0 0 0 0 0
304 963 14 175 194 1414 14 172 25 1046 0 0 0 0 0 0 0 0 0 0
1357 0 0 0 0 0 0 0 0 0 0 0 0 0 0 0 0 0 0 0
37 0 0 0 0 0 0 0 0 0 0 0 0 0 0 0 0 0 0 0
179 85 45 19 14 1511 0 0 0 0 0 0 0 0 0 0 0 0 0 0
1512 1513 38 211 288 179 83 14 202 1514 0 0 0 0 0 0 0 0 0 0
304 963 0 0 0 0 0 0 0 0 0 0 0 0 0 0 0 0 0 0
12 1414 10 1515 212 0 0 0 0 0 0 0 0 0 0 0 0 0 0 0
172 1357 0 0 0 0 0 0 0 0 0 0 0 0 0 0 0 0 0 0
53 317 1516 27 1517 43 230 1518 34 25 438 10 14 175 194 1085 0 0 0 0
1380 14 175 294 43 27 0 0 0 0 0 0 0 0 0 0 0 0 0 0
631 567 15 138 0 0 0 0 0 0 0 0 0 0 0 0 0 0 0 0
1 186 2 34 1 320 128 321 0 0 0 0 0 0 0 0 0 0 0 0
45 317 79 183 186 34 183 320 14 53 55 20 21 0 0 0 0 0 0 0
25 1046 1519 25 1520 519 1102 0 0 0 0 0 0 0 0 0 0 0 0 0
38 12 25 275 7 1521 312 160 20 1522 229 38 0 0 0 0 0 0 0 0
1021 1382 1519 38 319 1523 14 131 45 76 84 182 1524 43 38 0 0 0 0 0
37 12 25 1525 7 1526 0 0 0 0 0 0 0 0 0 0 0 0 0 0
25 88 7 27 117 1502 1 1527 1254 152 25 313 14 1528 294 1529 43 386 1530 1299
18 12 98 7 1075 1531 229 94 0 0 0 0 0 0 0 0 0 0 0 0
1532 152 38 14 1533 5 1534 0 0 0 0 0 0 0 0 0 0 0 0 0
181 913 19 94 0 0 0 0 0 0 0 0 0 0 0 0 0 0 0 0
371 37 0 0 0 0 0 0 0 0 0 0 0 0 0 0 0 0 0 0
1 913 169 1535 1493 14 558 1536 229 25 550 7 25 608 14 175 205 25 779 0
172 131 170 85 69 0 0 0 0 0 0 0 0 0 0 0 0 0 0 0
180 0 0 0 0 0 0 0 0 0 0 0 0 0 0 0 0 0 0 0
1 687 1143 299 25 755 7 1 1537 14 34 1538 170 1539 38 0 0 0 0 0
1540 484 25 1541 7 1542 34 1543 14 170 1544 224 1545 1546 1415 1 1547 250 0 0
294 15 1548 0 0 0 0 0 0 0 0 0 0 0 0 0 0 0 0 0
15 1548 0 0 0 0 0 0 0 0 0 0 0 0 0 0 0 0 0 0
1549 14 1549 0 0 0 0 0 0 0 0 0 0 0 0 0 0 0 0 0
1285 37 10 196 0 0 0 0 0 0 0 0 0 0 0 0 0 0 0 0
172 1549 14 1549 14 1549 0 0 0 0 0 0 0 0 0 0 0 0 0 0
1550 138 15 69 14 34 53 317 1551 27 1552 0 0 0 0 0 0 0 0 0
34 414 1553 14 593 294 1 1554 1555 14 1556 115 1557 0 0 0 0 0 0 0
1549 14 1549 0 0 0 0 0 0 0 0 0 0 0 0 0 0 0 0 0
1549 14 1549 14 1549 14 1549 0 0 0 0 0 0 0 0 0 0 0 0 0
45 194 24 2 12 1 195 14 50 53 1493 0 0 0 0 0 0 0 0 0
190 1558 0 0 0 0 0 0 0 0 0 0 0 0 0 0 0 0 0 0
172 45 552 38 14 591 0 0 0 0 0 0 0 0 0 0 0 0 0 0
286 1355 43 138 14 1559 0 0 0 0 0 0 0 0 0 0 0 0 0 0
194 37 10 1560 1561 0 0 0 0 0 0 0 0 0 0 0 0 0 0 0
1562 1098 0 0 0 0 0 0 0 0 0 0 0 0 0 0 0 0 0 0
170 113 83 44 30 1563 0 0 0 0 0 0 0 0 0 0 0 0 0 0
170 365 722 1564 0 0 0 0 0 0 0 0 0 0 0 0 0 0 0 0
1041 12 183 1565 217 694 1565 0 0 0 0 0 0 0 0 0 0 0 0 0
1566 1041 12 181 179 267 55 985 1567 14 179 85 217 1568 14 591 0 0 0 0
139 14 1569 1570 0 0 0 0 0 0 0 0 0 0 0 0 0 0 0 0
1571 14 27 1572 1573 1574 1575 14 34 53 55 98 15 382 1576 138 0 0 0 0
53 975 198 45 19 183 209 14 1559 14 175 1577 37 10 1560 0 0 0 0 0
172 141 1373 14 1578 598 689 307 0 0 0 0 0 0 0 0 0 0 0 0
181 7 24 14 304 963 0 0 0 0 0 0 0 0 0 0 0 0 0 0
194 37 10 196 0 0 0 0 0 0 0 0 0 0 0 0 0 0 0 0
172 27 1579 19 7 20 1580 138 0 0 0 0 0 0 0 0 0 0 0 0
45 83 84 83 310 40 17 38 0 0 0 0 0 0 0 0 0 0 0 0
45 83 84 395 1186 1581 38 0 0 0 0 0 0 0 0 0 0 0 0 0
45 240 84 25 1582 7 883 108 1549 14 1549 14 1549 0 0 0 0 0 0 0
108 24 45 1583 103 15 1584 265 17 38 0 0 0 0 0 0 0 0 0 0
53 55 20 1585 17 138 14 175 404 37 10 1560 0 0 0 0 0 0 0 0
1586 10 1587 14 34 136 25 333 1588 14 1589 25 137 1590 0 0 0 0 0 0
139 14 53 55 0 0 0 0 0 0 0 0 0 0 0 0 0 0 0 0
194 37 10 196 0 0 0 0 0 0 0 0 0 0 0 0 0 0 0 0
172 53 102 303 43 138 217 53 78 84 1591 17 138 283 53 790 0 0 0 0
558 1592 30 27 447 1593 0 0 0 0 0 0 0 0 0 0 0 0 0 0
1186 722 0 0 0 0 0 0 0 0 0 0 0 0 0 0 0 0 0 0
463 45 1594 38 775 27 153 15 1595 265 14 34 45 540 84 101 34 1596 265 0
181 10 25 1597 0 0 0 0 0 0 0 0 0 0 0 0 0 0 0 0
45 83 84 1598 238 7 1 1364 0 0 0 0 0 0 0 0 0 0 0 0
269 14 53 445 45 1599 1 183 40 1364 14 175 1600 1586 0 0 0 0 0 0
597 0 0 0 0 0 0 0 0 0 0 0 0 0 0 0 0 0 0 0
181 83 629 382 14 1601 0 0 0 0 0 0 0 0 0 0 0 0 0 0
1602 37 10 1603 108 25 1604 340 17 25 1605 1606 14 294 25 340 17 1607 108 1468
83 399 152 14 1559 14 175 194 37 10 1560 14 1608 1102 600 0 0 0 0 0
172 45 1609 181 45 1610 15 382 0 0 0 0 0 0 0 0 0 0 0 0
45 19 516 1 287 1514 0 0 0 0 0 0 0 0 0 0 0 0 0 0
53 1611 638 138 25 137 716 456 321 14 772 45 1612 38 97 294 14 1613 1614 138
38 12 414 1615 15 1023 14 296 14 141 25 1616 7 27 1016 37 0 0 0 0
519 1617 170 160 1618 1619 0 0 0 0 0 0 0 0 0 0 0 0 0 0
131 170 76 84 1620 25 462 1621 15 1619 0 0 0 0 0 0 0 0 0 0
1622 0 0 0 0 0 0 0 0 0 0 0 0 0 0 0 0 0 0 0
18 12 275 1 1623 141 1624 10 1625 0 0 0 0 0 0 0 0 0 0 0
7 75 18 12 0 0 0 0 0 0 0 0 0 0 0 0 0 0 0 0
34 53 20 286 339 1601 12 1626 1627 288 53 339 45 160 1628 27 1629 0 0 0
1630 45 270 519 24 1604 1631 229 25 1605 1606 12 325 1632 1633 1418 7 1634 1635 0
45 722 1636 25 1604 1631 12 0 0 0 0 0 0 0 0 0 0 0 0 0
45 267 84 1637 1638 833 0 0 0 0 0 0 0 0 0 0 0 0 0 0
1041 171 190 115 24 38 1639 217 34 38 1626 12 294 0 0 0 0 0 0 0
131 1041 1640 229 1641 14 34 1642 1102 281 15 1443 17 136 25 1643 7 1644 0 0
131 94 25 779 194 78 294 79 242 0 0 0 0 0 0 0 0 0 0 0
463 19 1 128 1623 14 175 194 37 0 0 0 0 0 0 0 0 0 0 0
172 340 1645 14 779 14 452 340 0 0 0 0 0 0 0 0 0 0 0 0
141 319 25 1604 1631 14 1646 775 1647 1648 14 190 115 123 175 53 55 1544 38 115
53 85 181 38 19 14 1559 0 0 0 0 0 0 0 0 0 0 0 0 0
53 85 181 38 19 0 0 0 0 0 0 0 0 0 0 0 0 0 0 0
181 19 38 0 0 0 0 0 0 0 0 0 0 0 0 0 0 0 0 0
190 1559 0 0 0 0 0 0 0 0 0 0 0 0 0 0 0 0 0 0
38 10 230 187 1649 0 0 0 0 0 0 0 0 0 0 0 0 0 0 0
312 38 353 12 0 0 0 0 0 0 0 0 0 0 0 0 0 0 0 0
1443 12 25 1442 1650 14 1651 1652 24 25 1653 15 172 19 38 1 1294 0 0 0
37 14 1654 170 160 241 1655 1656 24 232 0 0 0 0 0 0 0 0 0 0
463 19 1 1657 7 1658 213 15 1212 48 141 25 215 217 34 53 382 14 1659 37
597 0 0 0 0 0 0 0 0 0 0 0 0 0 0 0 0 0 0 0
187 37 0 0 0 0 0 0 0 0 0 0 0 0 0 0 0 0 0 0
170 190 0 0 0 0 0 0 0 0 0 0 0 0 0 0 0 0 0 0
1 186 2 34 1 320 128 321 15 25 116 405 14 22 45 19 0 0 0 0
194 37 10 196 0 0 0 0 0 0 0 0 0 0 0 0 0 0 0 0
172 45 267 84 737 38 299 69 14 131 239 45 55 1660 0 0 0 0 0 0
187 37 0 0 0 0 0 0 0 0 0 0 0 0 0 0 0 0 0 0
238 170 1185 14 34 1661 170 270 14 34 86 686 170 1662 14 1663 17 1 320 1664
365 355 1345 771 307 1183 0 0 0 0 0 0 0 0 0 0 0 0 0 0
371 37 0 0 0 0 0 0 0 0 0 0 0 0 0 0 0 0 0 0
304 567 41 94 1665 19 183 1666 14 175 349 25 5 0 0 0 0 0 0 0
172 38 1667 0 0 0 0 0 0 0 0 0 0 0 0 0 0 0 0 0
1070 0 0 0 0 0 0 0 0 0 0 0 0 0 0 0 0 0 0 0
190 37 0 0 0 0 0 0 0 0 0 0 0 0 0 0 0 0 0 0
1070 141 1668 0 0 0 0 0 0 0 0 0 0 0 0 0 0 0 0 0
1669 0 0 0 0 0 0 0 0 0 0 0 0 0 0 0 0 0 0 0
25 654 19 1670 1671 0 0 0 0 0 0 0 0 0 0 0 0 0 0 0
25 1672 81 1673 25 1674 794 1148 141 24 215 0 0 0 0 0 0 0 0 0
19 38 1 1675 97 1676 0 0 0 0 0 0 0 0 0 0 0 0 0 0
38 54 79 1 1677 14 43 25 1678 18 19 41 38 14 175 12 25 1679 1653 0
172 1313 463 0 0 0 0 0 0 0 0 0 0 0 0 0 0 0 0 0
299 25 1680 7 420 899 38 750 332 1046 217 1681 14 1682 14 1683 14 1684 14 1685
170 1686 174 141 420 840 14 34 1687 25 1688 7 420 1689 0 0 0 0 0 0
139 14 405 0 0 0 0 0 0 0 0 0 0 0 0 0 0 0 0 0
1313 463 0 0 0 0 0 0 0 0 0 0 0 0 0 0 0 0 0 0
1313 14 1313 14 174 463 0 0 0 0 0 0 0 0 0 0 0 0 0 0
875 25 5 0 0 0 0 0 0 0 0 0 0 0 0 0 0 0 0 0
170 81 1 914 34 1388 0 0 0 0 0 0 0 0 0 0 0 0 0 0
1690 14 1691 14 1692 14 1693 14 1694 217 1695 14 591 14 229 414 1696 0 0 0
169 1697 54 55 1698 14 1699 1700 14 34 1701 115 1702 0 0 0 0 0 0 0
37 1703 91 14 1704 0 0 0 0 0 0 0 0 0 0 0 0 0 0 0
779 0 0 0 0 0 0 0 0 0 0 0 0 0 0 0 0 0 0 0
365 170 1705 0 0 0 0 0 0 0 0 0 0 0 0 0 0 0 0 0
37 78 382 20 286 0 0 0 0 0 0 0 0 0 0 0 0 0 0 0
170 365 405 10 14 175 194 25 779 14 570 174 41 581 0 0 0 0 0 0
172 34 1706 15 69 14 1707 299 414 1708 0 0 0 0 0 0 0 0 0 0
94 914 19 1709 0 0 0 0 0 0 0 0 0 0 0 0 0 0 0 0
1710 19 298 0 0 0 0 0 0 0 0 0 0 0 0 0 0 0 0 0
1711 38 0 0 0 0 0 0 0 0 0 0 0 0 0 0 0 0 0 0
190 25 779 14 1712 1713 48 1018 25 905 0 0 0 0 0 0 0 0 0 0
172 1714 841 558 598 38 1404 0 0 0 0 0 0 0 0 0 0 0 0 0
1715 38 1716 1717 1718 14 34 395 38 1719 0 0 0 0 0 0 0 0 0 0
34 1720 25 1664 0 0 0 0 0 0 0 0 0 0 0 0 0 0 0 0
55 170 20 1721 97 1722 0 0 0 0 0 0 0 0 0 0 0 0 0 0
190 37 0 0 0 0 0 0 0 0 0 0 0 0 0 0 0 0 0 0
365 18 20 370 0 0 0 0 0 0 0 0 0 0 0 0 0 0 0 0
194 25 779 14 259 152 138 43 25 1723 17 27 231 1008 0 0 0 0 0 0
172 365 18 20 377 0 0 0 0 0 0 0 0 0 0 0 0 0 0 0
25 735 1118 745 0 0 0 0 0 0 0 0 0 0 0 0 0 0 0 0
37 476 23 138 43 25 5 14 34 1185 38 294 0 0 0 0 0 0 0 0
1724 1725 319 7 25 1726 1323 1727 14 1728 14 1729 1730 0 0 0 0 0 0 0
45 74 20 286 14 43 25 779 1731 888 554 1732 0 0 0 0 0 0 0 0
53 102 229 25 1733 7 25 5 7 2 428 15 101 0 0 0 0 0 0 0
1734 0 0 0 0 0 0 0 0 0 0 0 0 0 0 0 0 0 0 0
25 779 132 294 14 131 955 1735 17 420 48 0 0 0 0 0 0 0 0 0
172 19 24 307 14 779 0 0 0 0 0 0 0 0 0 0 0 0 0 0
24 12 25 452 1736 1274 0 0 0 0 0 0 0 0 0 0 0 0 0 0
25 1737 1 215 14 50 1738 27 1739 14 34 1740 138 654 1741 0 0 0 0 0
131 37 12 136 25 1719 43 94 0 0 0 0 0 0 0 0 0 0 0 0
5 7 25 1481 0 0 0 0 0 0 0 0 0 0 0 0 0 0 0 0
45 875 14 172 53 1197 179 286 288 310 592 1225 908 0 0 0 0 0 0 0
178 179 294 1245 15 69 0 0 0 0 0 0 0 0 0 0 0 0 0 0
38 1742 138 20 1653 0 0 0 0 0 0 0 0 0 0 0 0 0 0 0
25 48 12 955 1743 291 581 0 0 0 0 0 0 0 0 0 0 0 0 0
1744 152 0 0 0 0 0 0 0 0 0 0 0 0 0 0 0 0 0 0
194 37 0 0 0 0 0 0 0 0 0 0 0 0 0 0 0 0 0 0
172 1744 152 0 0 0 0 0 0 0 0 0 0 0 0 0 0 0 0 0
25 352 19 1745 660 14 34 38 1746 654 15 69 14 53 85 0 0 0 0 0
1744 152 14 779 0 0 0 0 0 0 0 0 0 0 0 0 0 0 0 0
25 1323 1732 1079 50 38 160 101 1018 138 0 0 0 0 0 0 0 0 0 0
37 218 64 1254 7 420 1747 14 312 1408 138 219 14 45 990 14 34 1748 1749 0
25 779 754 704 340 161 1750 7 129 1097 0 0 0 0 0 0 0 0 0 0
1751 25 48 12 955 15 581 14 37 1752 15 1753 15 1754 0 0 0 0 0 0
53 452 85 45 10 13 0 0 0 0 0 0 0 0 0 0 0 0 0 0
177 76 45 401 0 0 0 0 0 0 0 0 0 0 0 0 0 0 0 0
871 1216 0 0 0 0 0 0 0 0 0 0 0 0 0 0 0 0 0 0
319 352 14 53 339 0 0 0 0 0 0 0 0 0 0 0 0 0 0 0
276 14 181 12 25 1000 17 138 0 0 0 0 0 0 0 0 0 0 0 0
371 1 742 14 1396 1 1755 7 1756 115 7 1 183 1042 1757 0 0 0 0 0
172 53 990 45 444 1758 0 0 0 0 0 0 0 0 0 0 0 0 0 0
188 1513 14 175 194 25 275 17 1 1759 0 0 0 0 0 0 0 0 0 0
181 240 45 242 17 27 1171 0 0 0 0 0 0 0 0 0 0 0 0 0
53 55 84 533 14 175 194 25 405 17 25 1042 156 14 1760 216 0 0 0 0
322 38 15 27 1545 14 1172 0 0 0 0 0 0 0 0 0 0 0 0 0
45 240 84 322 38 15 689 0 0 0 0 0 0 0 0 0 0 0 0 0
24 10 1761 85 0 0 0 0 0 0 0 0 0 0 0 0 0 0 0 0
94 1762 12 1274 17 1 1763 1023 0 0 0 0 0 0 0 0 0 0 0 0
439 301 395 219 1764 14 34 1765 0 0 0 0 0 0 0 0 0 0 0 0
53 83 84 52 103 283 1 1766 19 594 14 175 404 25 373 1767 1768 152 27 1769
172 131 53 95 79 1770 283 53 395 340 0 0 0 0 0 0 0 0 0 0
1216 1023 0 0 0 0 0 0 0 0 0 0 0 0 0 0 0 0 0 0
131 1771 15 399 283 1638 833 178 0 0 0 0 0 0 0 0 0 0 0 0
1772 14 1772 0 0 0 0 0 0 0 0 0 0 0 0 0 0 0 0 0
1773 34 1774 1775 1079 14 34 1776 17 333 1777 0 0 0 0 0 0 0 0 0
37 74 25 1097 14 34 476 1018 25 779 43 325 1778 0 0 0 0 0 0 0
25 1323 1779 152 775 1 1780 0 0 0 0 0 0 0 0 0 0 0 0 0
420 1781 955 15 332 1782 0 0 0 0 0 0 0 0 0 0 0 0 0 0
37 793 216 14 883 24 25 1778 54 1783 0 0 0 0 0 0 0 0 0 0
45 74 347 1097 14 1784 14 1569 0 0 0 0 0 0 0 0 0 0 0 0
170 81 1097 7 129 123 1785 14 34 7 665 1786 0 0 0 0 0 0 0 0
77 365 179 0 0 0 0 0 0 0 0 0 0 0 0 0 0 0 0 0
194 340 0 0 0 0 0 0 0 0 0 0 0 0 0 0 0 0 0 0
77 365 179 0 0 0 0 0 0 0 0 0 0 0 0 0 0 0 0 0
205 25 333 0 0 0 0 0 0 0 0 0 0 0 0 0 0 0 0 0
597 0 0 0 0 0 0 0 0 0 0 0 0 0 0 0 0 0 0 0
194 25 275 0 0 0 0 0 0 0 0 0 0 0 0 0 0 0 0 0
172 116 1787 240 663 27 231 141 319 14 1788 0 0 0 0 0 0 0 0 0
307 53 102 1291 14 175 205 25 740 0 0 0 0 0 0 0 0 0 0 0
172 159 14 19 84 38 0 0 0 0 0 0 0 0 0 0 0 0 0 0
1789 43 1790 0 0 0 0 0 0 0 0 0 0 0 0 0 0 0 0 0
179 365 294 1 1791 14 53 439 0 0 0 0 0 0 0 0 0 0 0 0
20 0 0 0 0 0 0 0 0 0 0 0 0 0 0 0 0 0 0 0
20 0 0 0 0 0 0 0 0 0 0 0 0 0 0 0 0 0 0 0
1004 833 15 445 7 0 0 0 0 0 0 0 0 0 0 0 0 0 0 0
40 1792 0 0 0 0 0 0 0 0 0 0 0 0 0 0 0 0 0 0
294 1216 326 0 0 0 0 0 0 0 0 0 0 0 0 0 0 0 0 0
24 12 414 1793 14 414 1794 14 34 1795 0 0 0 0 0 0 0 0 0 0
554 78 45 445 1230 340 884 1796 17 1186 14 15 1037 45 78 1362 581 0 0 0
1797 34 1527 14 704 138 118 25 1323 14 17 420 1798 0 0 0 0 0 0 0
38 314 138 1799 14 1800 183 159 0 0 0 0 0 0 0 0 0 0 0 0
233 25 1801 237 15 79 25 275 0 0 0 0 0 0 0 0 0 0 0 0
190 1041 558 160 1802 0 0 0 0 0 0 0 0 0 0 0 0 0 0 0
172 233 25 1803 237 15 79 25 740 217 34 233 33 10 405 237 15 79 25 742
1313 463 14 116 1804 14 463 10 1805 0 0 0 0 0 0 0 0 0 0 0
283 301 55 84 136 512 1806 463 324 1807 38 0 0 0 0 0 0 0 0 0
179 78 84 55 1806 229 1 211 913 14 175 194 116 1804 14 1808 1809 299 27 1810
172 101 775 25 1811 0 0 0 0 0 0 0 0 0 0 0 0 0 0 0
179 81 314 1812 7 1813 351 14 179 85 217 34 25 333 332 1 84 1814 0 0
1622 1815 53 1816 122 7 25 1817 0 0 0 0 0 0 0 0 0 0 0 0
1125 0 0 0 0 0 0 0 0 0 0 0 0 0 0 0 0 0 0 0
77 38 1818 0 0 0 0 0 0 0 0 0 0 0 0 0 0 0 0 0
1549 0 0 0 0 0 0 0 0 0 0 0 0 0 0 0 0 0 0 0
1549 0 0 0 0 0 0 0 0 0 0 0 0 0 0 0 0 0 0 0
301 201 136 1819 15 1212 1820 14 301 201 597 1821 0 0 0 0 0 0 0 0
101 775 25 1811 0 0 0 0 0 0 0 0 0 0 0 0 0 0 0 0
101 775 25 1811 0 0 0 0 0 0 0 0 0 0 0 0 0 0 0 0
25 1811 12 25 668 1822 25 1823 7 1824 0 0 0 0 0 0 0 0 0 0
181 1825 14 204 0 0 0 0 0 0 0 0 0 0 0 0 0 0 0 0
181 1825 14 1085 0 0 0 0 0 0 0 0 0 0 0 0 0 0 0 0
1826 0 0 0 0 0 0 0 0 0 0 0 0 0 0 0 0 0 0 0
194 25 893 0 0 0 0 0 0 0 0 0 0 0 0 0 0 0 0 0
172 456 1827 1 199 15 737 182 7 1378 0 0 0 0 0 0 0 0 0 0
977 722 76 0 0 0 0 0 0 0 0 0 0 0 0 0 0 0 0 0
24 10 1047 14 269 0 0 0 0 0 0 0 0 0 0 0 0 0 0 0
194 25 1803 0 0 0 0 0 0 0 0 0 0 0 0 0 0 0 0 0
172 20 405 286 307 0 0 0 0 0 0 0 0 0 0 0 0 0 0 0
276 14 204 14 83 84 1828 1829 50 283 179 12 1324 14 893 0 0 0 0 0
558 10 1830 0 0 0 0 0 0 0 0 0 0 0 0 0 0 0 0 0
301 201 294 103 15 1831 1832 229 1833 333 10 1834 14 53 439 0 0 0 0 0
20 14 269 0 0 0 0 0 0 0 0 0 0 0 0 0 0 0 0 0
194 1085 0 0 0 0 0 0 0 0 0 0 0 0 0 0 0 0 0 0
1826 34 25 405 531 0 0 0 0 0 0 0 0 0 0 0 0 0 0 0
172 301 225 1835 0 0 0 0 0 0 0 0 0 0 0 0 0 0 0 0
183 597 14 204 0 0 0 0 0 0 0 0 0 0 0 0 0 0 0 0
190 25 893 0 0 0 0 0 0 0 0 0 0 0 0 0 0 0 0 0
172 24 10 203 0 0 0 0 0 0 0 0 0 0 0 0 0 0 0 0
558 10 25 1719 1836 1837 7 1 1169 926 486 347 0 0 0 0 0 0 0 0
294 1 13 405 14 53 439 0 0 0 0 0 0 0 0 0 0 0 0 0
20 14 269 14 175 194 1085 0 0 0 0 0 0 0 0 0 0 0 0 0
1826 14 1838 0 0 0 0 0 0 0 0 0 0 0 0 0 0 0 0 0
38 10 25 1839 326 24 241 12 888 14 175 194 1085 0 0 0 0 0 0 0
1826 14 172 38 10 1840 152 138 0 0 0 0 0 0 0 0 0 0 0 0
1347 24 1841 14 116 1804 14 34 233 69 85 25 1842 38 0 0 0 0 0 0
1245 115 1843 0 0 0 0 0 0 0 0 0 0 0 0 0 0 0 0 0
53 975 294 1324 15 79 25 275 14 554 1324 1844 15 180 38 0 0 0 0 0
301 74 1565 597 24 301 81 1845 1846 301 1806 463 14 53 339 0 0 0 0 0
38 10 20 1847 0 0 0 0 0 0 0 0 0 0 0 0 0 0 0 0
1347 25 1841 14 1804 0 0 0 0 0 0 0 0 0 0 0 0 0 0 0
38 894 1848 0 0 0 0 0 0 0 0 0 0 0 0 0 0 0 0 0
558 10 741 0 0 0 0 0 0 0 0 0 0 0 0 0 0 0 0 0
1085 0 0 0 0 0 0 0 0 0 0 0 0 0 0 0 0 0 0 0
1826 12 741 0 0 0 0 0 0 0 0 0 0 0 0 0 0 0 0 0
1102 1849 12 1850 152 25 1541 229 25 137 1851 0 0 0 0 0 0 0 0 0
53 722 638 591 238 15 1588 0 0 0 0 0 0 0 0 0 0 0 0 0
38 10 1 1852 7 234 14 34 1853 232 53 1854 58 14 175 194 116 1804 0 0
172 24 10 230 1849 0 0 0 0 0 0 0 0 0 0 0 0 0 0 0
34 296 1855 1856 1841 14 1804 14 175 194 25 275 893 0 0 0 0 0 0 0
181 83 179 1857 94 0 0 0 0 0 0 0 0 0 0 0 0 0 0 0
194 1804 0 0 0 0 0 0 0 0 0 0 0 0 0 0 0 0 0 0
172 1858 0 0 0 0 0 0 0 0 0 0 0 0 0 0 0 0 0 0
1125 0 0 0 0 0 0 0 0 0 0 0 0 0 0 0 0 0 0 0
205 25 893 14 1838 34 1859 1860 152 1102 1861 0 0 0 0 0 0 0 0 0
172 1858 0 0 0 0 0 0 0 0 0 0 0 0 0 0 0 0 0 0
179 83 84 1862 15 382 179 1863 738 174 14 1864 34 136 14 17 138 1865 0 0
194 1804 0 0 0 0 0 0 0 0 0 0 0 0 0 0 0 0 0 0
268 14 53 83 14 175 349 25 893 0 0 0 0 0 0 0 0 0 0 0
172 276 294 0 0 0 0 0 0 0 0 0 0 0 0 0 0 0 0 0
179 81 1866 15 395 230 1176 14 175 194 1804 14 172 34 179 317 353 1867 0 0
172 83 84 679 24 1868 41 25 1869 14 296 0 0 0 0 0 0 0 0 0
27 1869 0 0 0 0 0 0 0 0 0 0 0 0 0 0 0 0 0 0
371 1804 0 0 0 0 0 0 0 0 0 0 0 0 0 0 0 0 0 0
861 833 10 83 179 445 0 0 0 0 0 0 0 0 0 0 0 0 0 0
349 25 893 0 0 0 0 0 0 0 0 0 0 0 0 0 0 0 0 0
172 45 19 84 1870 15 1871 324 738 14 53 1872 382 0 0 0 0 0 0 0
53 717 45 76 84 401 7 44 1873 0 0 0 0 0 0 0 0 0 0 0
1874 0 0 0 0 0 0 0 0 0 0 0 0 0 0 0 0 0 0 0
194 116 1804 14 1875 27 1069 14 34 570 219 0 0 0 0 0 0 0 0 0
83 84 179 79 1324 7 24 14 175 205 25 893 0 0 0 0 0 0 0 0
1125 0 0 0 0 0 0 0 0 0 0 0 0 0 0 0 0 0 0 0
38 10 25 1876 45 160 14 34 1 1877 591 0 0 0 0 0 0 0 0 0
170 444 55 1878 38 14 283 38 160 84 56 43 69 0 0 0 0 0 0 0
181 83 179 1857 1879 7 38 0 0 0 0 0 0 0 0 0 0 0 0 0
371 116 1804 0 0 0 0 0 0 0 0 0 0 0 0 0 0 0 0 0
1880 38 152 138 15 79 1881 229 14 15 79 198 14 175 349 25 893 1882 1023 0
172 1883 12 1884 203 15 83 38 14 131 53 1863 38 1203 216 0 0 0 0 0
1885 1 84 40 203 43 516 1 1115 14 38 19 84 40 203 1886 0 0 0 0
38 10 255 50 246 15 25 1887 0 0 0 0 0 0 0 0 0 0 0 0
45 396 84 1313 1888 1889 76 229 24 340 0 0 0 0 0 0 0 0 0 0
37 793 15 94 1890 229 1891 0 0 0 0 0 0 0 0 0 0 0 0 0
1549 14 1549 0 0 0 0 0 0 0 0 0 0 0 0 0 0 0 0 0
172 94 1892 1664 7 38 14 179 180 0 0 0 0 0 0 0 0 0 0 0
45 1893 456 340 1079 299 138 177 1894 1055 14 15 1341 265 177 45 12 13 0 0
1549 14 1549 14 1549 0 0 0 0 0 0 0 0 0 0 0 0 0 0 0
779 0 0 0 0 0 0 0 0 0 0 0 0 0 0 0 0 0 0 0
194 37 14 1895 299 153 15 1675 0 0 0 0 0 0 0 0 0 0 0 0
172 53 180 14 53 180 0 0 0 0 0 0 0 0 0 0 0 0 0 0
1896 7 94 1897 405 54 79 304 231 0 0 0 0 0 0 0 0 0 0 0
304 567 1898 24 232 296 0 0 0 0 0 0 0 0 0 0 0 0 0 0
1899 909 14 181 19 94 0 0 0 0 0 0 0 0 0 0 0 0 0 0
37 1900 1018 25 1323 0 0 0 0 0 0 0 0 0 0 0 0 0 0 0
420 1901 48 12 955 15 1902 0 0 0 0 0 0 0 0 0 0 0 0 0
1903 14 1254 14 1903 0 0 0 0 0 0 0 0 0 0 0 0 0 0 0
34 180 27 40 1904 1905 299 1906 14 15 1907 25 285 17 567 1908 0 0 0 0
20 192 1909 347 1008 229 37 10 1910 14 34 428 45 533 1911 45 476 41 25 795
45 990 14 283 94 405 78 79 619 1912 14 181 267 79 27 1913 1914 0 0 0
1915 14 697 1196 14 1916 0 0 0 0 0 0 0 0 0 0 0 0 0 0
170 55 750 138 15 1 209 1664 14 1917 0 0 0 0 0 0 0 0 0 0
1 1918 12 1919 141 25 122 14 34 18 1920 482 7 1921 1922 1923 25 1924 0 0
779 0 0 0 0 0 0 0 0 0 0 0 0 0 0 0 0 0 0 0
45 194 14 172 94 19 1 1925 913 0 0 0 0 0 0 0 0 0 0 0
229 1926 38 14 53 391 1927 420 1337 14 1928 69 0 0 0 0 0 0 0 0
233 265 399 0 0 0 0 0 0 0 0 0 0 0 0 0 0 0 0 0
379 25 5 955 17 325 1929 1781 15 25 153 0 0 0 0 0 0 0 0 0
53 1930 179 14 175 37 205 14 172 34 53 267 83 38 283 53 78 0 0 0
1931 55 294 25 1932 14 779 0 0 0 0 0 0 0 0 0 0 0 0 0
53 55 294 25 1932 0 0 0 0 0 0 0 0 0 0 0 0 0 0 0
216 38 526 15 1313 41 138 0 0 0 0 0 0 0 0 0 0 0 0 0
53 1933 179 0 0 0 0 0 0 0 0 0 0 0 0 0 0 0 0 0
141 272 25 1934 1935 12 533 0 0 0 0 0 0 0 0 0 0 0 0 0
19 38 40 14 175 1041 194 14 172 97 1936 0 0 0 0 0 0 0 0 0
15 1937 138 0 0 0 0 0 0 0 0 0 0 0 0 0 0 0 0 0
1936 14 175 45 132 0 0 0 0 0 0 0 0 0 0 0 0 0 0 0
301 365 255 1938 0 0 0 0 0 0 0 0 0 0 0 0 0 0 0 0
20 0 0 0 0 0 0 0 0 0 0 0 0 0 0 0 0 0 0 0
18 19 717 428 14 1939 0 0 0 0 0 0 0 0 0 0 0 0 0 0
283 977 1940 14 175 1041 194 14 1941 14 172 18 19 0 0 0 0 0 0 0
98 19 794 717 14 1942 1 1943 240 292 0 0 0 0 0 0 0 0 0 0
45 19 794 1944 14 175 194 1102 1945 0 0 0 0 0 0 0 0 0 0 0
172 45 19 13 0 0 0 0 0 0 0 0 0 0 0 0 0 0 0 0
1041 1946 1947 25 741 215 14 34 12 303 217 131 25 275 1948 1949 7 1102 305 0
45 894 452 183 447 14 131 542 14 204 0 0 0 0 0 0 0 0 0 0
15 1037 178 1212 1950 79 1951 0 0 0 0 0 0 0 0 0 0 0 0 0
53 83 84 85 0 0 0 0 0 0 0 0 0 0 0 0 0 0 0 0
301 239 1952 1070 17 1953 14 1939 0 0 0 0 0 0 0 0 0 0 0 0
268 0 0 0 0 0 0 0 0 0 0 0 0 0 0 0 0 0 0 0
1954 38 50 170 267 14 414 1095 81 1955 0 0 0 0 0 0 0 0 0 0
25 452 1949 24 25 5 78 1250 138 14 1956 30 1957 14 12 340 7 344 0 0
1797 0 0 0 0 0 0 0 0 0 0 0 0 0 0 0 0 0 0 0
183 1797 0 0 0 0 0 0 0 0 0 0 0 0 0 0 0 0 0 0
25 1387 34 1102 1958 81 1959 229 1960 0 0 0 0 0 0 0 0 0 0 0
131 1961 1962 183 1797 0 0 0 0 0 0 0 0 0 0 0 0 0 0 0
34 45 1863 1 940 14 34 1431 138 229 25 1963 7 581 0 0 0 0 0 0
169 160 37 533 841 1008 0 0 0 0 0 0 0 0 0 0 0 0 0 0
45 160 294 1964 581 0 0 0 0 0 0 0 0 0 0 0 0 0 0 0
25 1965 55 1966 581 115 14 50 45 34 25 779 1967 25 1968 0 0 0 0 0
933 45 294 399 152 0 0 0 0 0 0 0 0 0 0 0 0 0 0 0
25 1387 1056 1102 1069 41 25 1969 14 34 47 1102 48 219 15 1970 0 0 0 0
25 1971 1972 304 1973 14 175 1041 194 0 0 0 0 0 0 0 0 0 0 0
25 1971 0 0 0 0 0 0 0 0 0 0 0 0 0 0 0 0 0 0
1125 14 202 1021 1382 0 0 0 0 0 0 0 0 0 0 0 0 0 0 0
170 201 211 296 216 14 175 194 1380 10 1974 0 0 0 0 0 0 0 0 0
38 95 79 1671 27 654 0 0 0 0 0 0 0 0 0 0 0 0 0 0
794 38 400 14 175 1975 132 14 435 219 27 1976 0 0 0 0 0 0 0 0
172 131 53 445 1977 467 1 161 1978 288 45 448 14 347 1169 319 1979 14 1387 0
170 81 183 1797 216 0 0 0 0 0 0 0 0 0 0 0 0 0 0 0
34 307 55 53 14 175 190 1975 0 0 0 0 0 0 0 0 0 0 0 0
172 171 0 0 0 0 0 0 0 0 0 0 0 0 0 0 0 0 0 0
34 307 55 53 14 175 875 1216 0 0 0 0 0 0 0 0 0 0 0 0
307 160 136 0 0 0 0 0 0 0 0 0 0 0 0 0 0 0 0 0
1980 19 230 1028 141 25 122 0 0 0 0 0 0 0 0 0 0 0 0 0
83 84 1981 0 0 0 0 0 0 0 0 0 0 0 0 0 0 0 0 0
1414 12 183 191 17 581 14 34 888 1982 15 136 25 1330 0 0 0 0 0 0
45 476 141 25 1069 41 25 1969 14 34 1983 25 1984 34 1985 1085 0 0 0 0
1380 34 25 1986 0 0 0 0 0 0 0 0 0 0 0 0 0 0 0 0
170 267 79 242 631 291 1987 14 45 194 0 0 0 0 0 0 0 0 0 0
1987 0 0 0 0 0 0 0 0 0 0 0 0 0 0 0 0 0 0 0
179 270 1988 14 204 14 1511 0 0 0 0 0 0 0 0 0 0 0 0 0
194 27 1974 0 0 0 0 0 0 0 0 0 0 0 0 0 0 0 0 0
268 14 304 963 14 175 205 1414 0 0 0 0 0 0 0 0 0 0 0 0
172 53 381 179 78 55 696 0 0 0 0 0 0 0 0 0 0 0 0 0
38 267 1989 179 40 15 180 77 1318 1 913 38 19 0 0 0 0 0 0 0
131 179 317 180 38 171 0 0 0 0 0 0 0 0 0 0 0 0 0 0
1990 138 24 53 267 607 18 152 1 1987 0 0 0 0 0 0 0 0 0 0
304 161 14 1991 0 0 0 0 0 0 0 0 0 0 0 0 0 0 0 0
190 1414 0 0 0 0 0 0 0 0 0 0 0 0 0 0 0 0 0 0
172 304 161 940 0 0 0 0 0 0 0 0 0 0 0 0 0 0 0 0
45 1151 174 136 141 453 0 0 0 0 0 0 0 0 0 0 0 0 0 0
45 78 84 1937 38 0 0 0 0 0 0 0 0 0 0 0 0 0 0 0
283 45 78 55 1992 14 45 34 27 940 267 55 56 1993 1994 14 1172 14 288 1962
18 12 1 1995 1431 1996 25 940 14 34 18 81 1997 7 1618 340 210 56 1998 0
45 12 1999 15 2000 292 14 34 270 174 216 255 320 0 0 0 0 0 0 0
170 2001 23 25 250 14 34 2002 217 25 1986 34 1387 2003 0 0 0 0 0 0
1414 1291 581 7 25 2004 2005 7 346 0 0 0 0 0 0 0 0 0 0 0
152 312 14 175 194 1414 14 172 43 45 19 25 2006 373 2007 533 14 53 1291 138
2008 102 2009 303 43 38 14 346 0 0 0 0 0 0 0 0 0 0 0 0
1380 14 1345 2010 14 2011 2009 303 43 230 40 1974 0 0 0 0 0 0 0 0
2012 14 77 45 2013 2014 53 83 84 85 0 0 0 0 0 0 0 0 0 0
74 181 14 304 963 0 0 0 0 0 0 0 0 0 0 0 0 0 0 0
276 14 24 179 81 1 40 1974 14 175 349 1414 0 0 0 0 0 0 0 0
2015 1513 24 14 175 194 1975 0 0 0 0 0 0 0 0 0 0 0 0 0
183 597 404 14 304 914 0 0 0 0 0 0 0 0 0 0 0 0 0 0
190 1414 0 0 0 0 0 0 0 0 0 0 0 0 0 0 0 0 0 0
172 53 717 170 83 0 0 0 0 0 0 0 0 0 0 0 0 0 0 0
2016 14 1345 45 194 14 2017 230 40 1974 0 0 0 0 0 0 0 0 0 0
699 2018 69 0 0 0 0 0 0 0 0 0 0 0 0 0 0 0 0 0
38 1626 526 50 283 45 160 769 1212 1021 1382 14 34 2019 265 0 0 0 0 0
53 975 198 45 10 1 40 1155 0 0 0 0 0 0 0 0 0 0 0 0
194 1085 0 0 0 0 0 0 0 0 0 0 0 0 0 0 0 0 0 0
1380 0 0 0 0 0 0 0 0 0 0 0 0 0 0 0 0 0 0 0
53 225 84 79 141 136 2020 108 1531 181 53 382 0 0 0 0 0 0 0 0
108 283 45 2021 1 211 2022 0 0 0 0 0 0 0 0 0 0 0 0 0
452 390 24 14 1975 14 175 194 1085 0 0 0 0 0 0 0 0 0 0 0
1380 0 0 0 0 0 0 0 0 0 0 0 0 0 0 0 0 0 0 0
277 2023 17 179 0 0 0 0 0 0 0 0 0 0 0 0 0 0 0 0
1208 1975 14 2024 0 0 0 0 0 0 0 0 0 0 0 0 0 0 0 0
113 14 1028 0 0 0 0 0 0 0 0 0 0 0 0 0 0 0 0 0
190 170 136 0 0 0 0 0 0 0 0 0 0 0 0 0 0 0 0 0
20 14 113 14 1028 0 0 0 0 0 0 0 0 0 0 0 0 0 0 0
170 136 190 216 0 0 0 0 0 0 0 0 0 0 0 0 0 0 0 0
53 102 183 320 14 175 194 161 1414 14 172 53 102 183 320 0 0 0 0 0
1085 0 0 0 0 0 0 0 0 0 0 0 0 0 0 0 0 0 0 0
779 7 2025 14 2026 2027 2028 12 299 188 0 0 0 0 0 0 0 0 0 0
592 14 175 194 37 14 172 1004 2029 69 24 1212 2030 2031 141 48 0 0 0 0
53 85 38 14 131 53 85 294 77 0 0 0 0 0 0 0 0 0 0 0
598 69 181 405 24 2032 301 1185 2033 13 0 0 0 0 0 0 0 0 0 0
53 180 2034 0 0 0 0 0 0 0 0 0 0 0 0 0 0 0 0 0
233 69 2035 181 53 391 79 229 818 15 101 0 0 0 0 0 0 0 0 0
25 779 754 217 25 48 12 955 2036 0 0 0 0 0 0 0 0 0 0 0
25 485 19 2037 14 175 37 875 0 0 0 0 0 0 0 0 0 0 0 0
172 276 83 179 92 1079 0 0 0 0 0 0 0 0 0 0 0 0 0 0
25 2038 1781 2039 20 2040 0 0 0 0 0 0 0 0 0 0 0 0 0 0
37 2041 15 25 755 7 27 2042 14 34 476 229 0 0 0 0 0 0 0 0
38 12 2043 379 14 131 294 27 0 0 0 0 0 0 0 0 0 0 0 0
25 2044 12 294 25 137 14 34 2045 229 25 1995 12 294 1186 0 0 0 0 0
25 1323 955 50 291 0 0 0 0 0 0 0 0 0 0 0 0 0 0 0
45 2046 15 1313 2047 2048 0 0 0 0 0 0 0 0 0 0 0 0 0 0
1 2049 0 0 0 0 0 0 0 0 0 0 0 0 0 0 0 0 0 0
463 14 204 14 25 1681 405 14 861 117 45 160 296 2050 14 2051 2052 25 667 0
38 12 1 1132 913 0 0 0 0 0 0 0 0 0 0 0 0 0 0 0
2053 913 0 0 0 0 0 0 0 0 0 0 0 0 0 0 0 0 0 0
25 779 118 1497 25 2054 14 34 955 174 15 340 0 0 0 0 0 0 0 0
45 1539 38 624 0 0 0 0 0 0 0 0 0 0 0 0 0 0 0 0
25 1323 12 2055 50 38 160 56 14 131 2056 24 45 1185 128 1807 229 420 2057 701
379 25 5 955 2058 15 25 588 30 312 38 118 0 0 0 0 0 0 0 0
172 131 283 25 2059 79 2060 299 14 2061 178 2040 0 0 0 0 0 0 0 0
382 38 19 2062 17 181 179 1250 69 0 0 0 0 0 0 0 0 0 0 0
25 779 12 2063 50 241 0 0 0 0 0 0 0 0 0 0 0 0 0 0
102 1241 24 405 558 2051 41 25 795 0 0 0 0 0 0 0 0 0 0 0
45 190 41 27 599 0 0 0 0 0 0 0 0 0 0 0 0 0 0 0
25 1781 955 299 25 588 15 138 14 34 91 216 0 0 0 0 0 0 0 0
20 14 779 0 0 0 0 0 0 0 0 0 0 0 0 0 0 0 0 0
139 20 14 20 0 0 0 0 0 0 0 0 0 0 0 0 0 0 0 0
25 1781 379 12 18 0 0 0 0 0 0 0 0 0 0 0 0 0 0 0
779 0 0 0 0 0 0 0 0 0 0 0 0 0 0 0 0 0 0 0
45 190 14 2064 147 141 420 899 14 172 390 69 0 0 0 0 0 0 0 0
53 102 294 2065 53 12 0 0 0 0 0 0 0 0 0 0 0 0 0 0
53 178 294 79 25 405 53 95 55 56 131 43 2066 0 0 0 0 0 0 0
276 1250 69 94 14 283 53 102 794 136 717 0 0 0 0 0 0 0 0 0
43 25 275 654 25 48 2067 15 2068 0 0 0 0 0 0 0 0 0 0 0
2069 69 24 53 428 2070 347 925 179 55 2071 69 30 325 2072 567 0 0 0 0
25 1363 48 630 0 0 0 0 0 0 0 0 0 0 0 0 0 0 0 0
53 178 2073 2 229 304 305 14 34 2074 15 228 38 136 25 321 0 0 0 0
2075 1493 229 25 794 14 25 1312 14 34 25 1481 0 0 0 0 0 0 0 0
25 355 7 2076 391 2077 2078 69 0 0 0 0 0 0 0 0 0 0 0 0
53 178 294 495 115 25 2079 24 2080 0 0 0 0 0 0 0 0 0 0 0
139 14 598 69 53 239 2081 1079 25 2082 152 94 1543 0 0 0 0 0 0 0
229 27 2083 14 45 2084 25 2085 48 0 0 0 0 0 0 0 0 0 0 0
38 1229 15 1812 831 14 2086 12 887 229 27 2087 14 34 2088 38 0 0 0 0
25 779 14 2089 14 2090 138 0 0 0 0 0 0 0 0 0 0 0 0 0
38 2091 14 2092 14 2093 174 775 1 2094 0 0 0 0 0 0 0 0 0 0
1724 2095 1664 7 2096 0 0 0 0 0 0 0 0 0 0 0 0 0 0 0
34 25 2094 12 27 231 0 0 0 0 0 0 0 0 0 0 0 0 0 0
25 795 12 27 231 14 25 323 12 2097 0 0 0 0 0 0 0 0 0 0
1876 34 2098 7 136 14 25 654 291 138 12 27 231 14 15 2099 229 0 0 0
53 178 1493 229 25 794 14 25 1312 14 34 25 1481 0 0 0 0 0 0 0
37 2100 45 814 115 7 795 0 0 0 0 0 0 0 0 0 0 0 0 0
172 25 355 7 136 512 391 2101 69 0 0 0 0 0 0 0 0 0 0 0
139 14 568 72 0 0 0 0 0 0 0 0 0 0 0 0 0 0 0 0
909 34 25 2 654 79 2102 94 0 0 0 0 0 0 0 0 0 0 0 0
53 382 38 152 304 599 14 116 568 217 152 304 599 0 0 0 0 0 0 0
45 160 56 2103 229 27 2104 17 25 779 14 34 27 475 12 2105 2106 0 0 0
170 365 463 108 53 2107 108 25 925 7 25 926 24 267 55 56 239 79 1529 0
170 178 79 0 0 0 0 0 0 0 0 0 0 0 0 0 0 0 0 0
53 85 170 178 0 0 0 0 0 0 0 0 0 0 0 0 0 0 0 0
53 83 84 85 181 15 83 0 0 0 0 0 0 0 0 0 0 0 0 0
190 37 14 1838 34 2108 229 2109 1038 217 34 2110 1 2111 2112 7 1186 17 27 2113
53 102 50 2114 50 1 2115 405 0 0 0 0 0 0 0 0 0 0 0 0
1 186 2 2116 0 0 0 0 0 0 0 0 0 0 0 0 0 0 0 0
1 320 128 321 15 136 25 285 0 0 0 0 0 0 0 0 0 0 0 0
1452 463 0 0 0 0 0 0 0 0 0 0 0 0 0 0 0 0 0 0
2117 0 0 0 0 0 0 0 0 0 0 0 0 0 0 0 0 0 0 0
1452 0 0 0 0 0 0 0 0 0 0 0 0 0 0 0 0 0 0 0
45 160 2118 775 25 503 14 34 12 296 2119 18 123 1569 2120 0 0 0 0 0
18 10 25 2121 24 25 2122 12 229 0 0 0 0 0 0 0 0 0 0 0
190 37 14 2123 216 14 34 103 1415 25 574 0 0 0 0 0 0 0 0 0
172 18 10 25 122 30 2124 5 7 568 72 1309 0 0 0 0 0 0 0 0
18 10 25 2125 169 25 5 2126 1312 522 0 0 0 0 0 0 0 0 0 0
18 10 25 755 169 53 1185 25 2127 0 0 0 0 0 0 0 0 0 0 0
38 10 136 199 14 38 10 136 1047 14 38 136 292 0 0 0 0 0 0 0
1549 14 1549 14 1549 0 0 0 0 0 0 0 0 0 0 0 0 0 0 0
25 1028 7 1 631 14 2128 7 2129 2130 0 0 0 0 0 0 0 0 0 0
53 83 84 85 181 438 7 25 2131 38 19 14 175 194 37 0 0 0 0 0
172 53 83 84 2132 631 53 55 56 1497 25 355 0 0 0 0 0 0 0 0
53 83 84 85 44 0 0 0 0 0 0 0 0 0 0 0 0 0 0 0
53 975 2133 2134 0 0 0 0 0 0 0 0 0 0 0 0 0 0 0 0
113 52 0 0 0 0 0 0 0 0 0 0 0 0 0 0 0 0 0 0
53 83 84 182 0 0 0 0 0 0 0 0 0 0 0 0 0 0 0 0
53 444 400 79 1 2134 0 0 0 0 0 0 0 0 0 0 0 0 0 0
1452 0 0 0 0 0 0 0 0 0 0 0 0 0 0 0 0 0 0 0
2117 0 0 0 0 0 0 0 0 0 0 0 0 0 0 0 0 0 0 0
1452 463 0 0 0 0 0 0 0 0 0 0 0 0 0 0 0 0 0 0
45 12 2135 229 27 2136 30 25 2137 1673 115 2138 2139 45 160 241 533 0 0 0
2140 14 2140 14 2141 217 827 14 828 14 735 0 0 0 0 0 0 0 0 0
735 14 828 14 827 217 2141 14 2142 14 2140 0 0 0 0 0 0 0 0 0
139 14 2143 14 2143 0 0 0 0 0 0 0 0 0 0 0 0 0 0 0
995 15 25 755 14 45 2144 38 14 34 47 115 27 153 0 0 0 0 0 0
139 14 2143 0 0 0 0 0 0 0 0 0 0 0 0 0 0 0 0 0
2143 0 0 0 0 0 0 0 0 0 0 0 0 0 0 0 0 0 0 0
181 10 1988 0 0 0 0 0 0 0 0 0 0 0 0 0 0 0 0 0
190 37 14 1820 2058 15 1 914 229 2145 14 558 1172 160 2146 229 15 1313 23 138
1874 0 0 0 0 0 0 0 0 0 0 0 0 0 0 0 0 0 0 0
205 25 914 17 136 27 54 7 260 0 0 0 0 0 0 0 0 0 0 0
181 10 1988 14 304 2147 1514 0 0 0 0 0 0 0 0 0 0 0 0 0
194 37 0 0 0 0 0 0 0 0 0 0 0 0 0 0 0 0 0 0
1988 0 0 0 0 0 0 0 0 0 0 0 0 0 0 0 0 0 0 0
349 25 914 0 0 0 0 0 0 0 0 0 0 0 0 0 0 0 0 0
172 276 14 2 438 0 0 0 0 0 0 0 0 0 0 0 0 0 0 0
38 10 2 438 0 0 0 0 0 0 0 0 0 0 0 0 0 0 0 0
194 37 15 1186 0 0 0 0 0 0 0 0 0 0 0 0 0 0 0 0
172 53 55 84 2148 38 0 0 0 0 0 0 0 0 0 0 0 0 0 0
2149 55 242 38 136 229 340 352 0 0 0 0 0 0 0 0 0 0 0 0
170 100 83 44 170 486 0 0 0 0 0 0 0 0 0 0 0 0 0 0
7 75 170 100 0 0 0 0 0 0 0 0 0 0 0 0 0 0 0 0
7 75 170 100 0 0 0 0 0 0 0 0 0 0 0 0 0 0 0 0
1452 14 304 2147 1514 0 0 0 0 0 0 0 0 0 0 0 0 0 0 0
1452 0 0 0 0 0 0 0 0 0 0 0 0 0 0 0 0 0 0 0
205 25 914 0 0 0 0 0 0 0 0 0 0 0 0 0 0 0 0 0
83 179 85 25 2150 10 229 25 741 1780 131 340 14 141 25 2125 0 0 0 0
37 871 0 0 0 0 0 0 0 0 0 0 0 0 0 0 0 0 0 0
53 225 717 53 76 14 175 349 25 2151 0 0 0 0 0 0 0 0 0 0
325 2152 914 0 0 0 0 0 0 0 0 0 0 0 0 0 0 0 0 0
194 37 0 0 0 0 0 0 0 0 0 0 0 0 0 0 0 0 0 0
172 1 2153 914 0 0 0 0 0 0 0 0 0 0 0 0 0 0 0 0
83 179 2154 170 2155 2156 25 2157 2158 24 12 2159 219 18 0 0 0 0 0 0
108 2160 161 2157 2158 123 25 2161 340 0 0 0 0 0 0 0 0 0 0 0
181 0 0 0 0 0 0 0 0 0 0 0 0 0 0 0 0 0 0 0
25 340 50 2161 50 69 0 0 0 0 0 0 0 0 0 0 0 0 0 0
205 25 914 0 0 0 0 0 0 0 0 0 0 0 0 0 0 0 0 0
181 1 2162 914 0 0 0 0 0 0 0 0 0 0 0 0 0 0 0 0
194 37 0 0 0 0 0 0 0 0 0 0 0 0 0 0 0 0 0 0
172 38 10 1 344 15 2163 15 138 0 0 0 0 0 0 0 0 0 0 0
268 14 304 2164 0 0 0 0 0 0 0 0 0 0 0 0 0 0 0 0
38 10 2159 18 296 14 175 349 25 914 0 0 0 0 0 0 0 0 0 0
19 38 0 0 0 0 0 0 0 0 0 0 0 0 0 0 0 0 0 0
194 37 0 0 0 0 0 0 0 0 0 0 0 0 0 0 0 0 0 0
172 399 34 2165 38 0 0 0 0 0 0 0 0 0 0 0 0 0 0 0
2166 0 0 0 0 0 0 0 0 0 0 0 0 0 0 0 0 0 0 0
875 25 914 0 0 0 0 0 0 0 0 0 0 0 0 0 0 0 0 0
20 14 20 14 175 194 37 14 172 53 102 229 2167 0 0 0 0 0 0 0
101 91 17 25 405 14 34 53 317 638 179 1 2168 0 0 0 0 0 0 0
101 91 17 2169 2170 288 1530 1299 14 34 53 317 638 179 443 0 0 0 0 0
25 914 12 1203 486 1 2171 0 0 0 0 0 0 0 0 0 0 0 0 0
45 95 55 160 1 1901 48 141 1 2172 78 55 663 1 2171 1203 524 307 660 0
172 45 2173 84 85 558 2174 38 0 0 0 0 0 0 0 0 0 0 0 0
38 10 1124 2175 7 1021 1382 0 0 0 0 0 0 0 0 0 0 0 0 0
1804 2176 113 314 516 1 2177 50 2178 38 2179 10 178 79 0 0 0 0 0 0
50 45 118 18 14 2180 2181 14 25 479 2084 27 934 0 0 0 0 0 0 0
53 391 281 38 50 631 50 53 1493 0 0 0 0 0 0 0 0 0 0 0
190 37 14 2182 38 17 2183 0 0 0 0 0 0 0 0 0 0 0 0 0
172 53 2184 241 476 141 38 291 0 0 0 0 0 0 0 0 0 0 0 0
181 325 980 273 2185 229 420 475 0 0 0 0 0 0 0 0 0 0 0 0
38 10 1 99 479 0 0 0 0 0 0 0 0 0 0 0 0 0 0 0
108 463 10 25 2158 0 0 0 0 0 0 0 0 0 0 0 0 0 0 0
1452 0 0 0 0 0 0 0 0 0 0 0 0 0 0 0 0 0 0 0
2117 0 0 0 0 0 0 0 0 0 0 0 0 0 0 0 0 0 0 0
77 365 179 0 0 0 0 0 0 0 0 0 0 0 0 0 0 0 0 0
186 2 0 0 0 0 0 0 0 0 0 0 0 0 0 0 0 0 0 0
38 559 1 2158 0 0 0 0 0 0 0 0 0 0 0 0 0 0 0 0
45 113 78 55 118 41 27 513 14 24 2186 0 0 0 0 0 0 0 0 0
45 267 55 2187 738 1183 1203 229 1 525 14 486 2188 2189 0 0 0 0 0 0
276 14 38 10 2190 15 1573 24 15 2191 2192 14 175 194 37 0 0 0 0 0
172 2193 55 1 2194 0 0 0 0 0 0 0 0 0 0 0 0 0 0 0
45 2195 1186 172 136 229 27 1876 14 175 34 141 319 663 115 775 2196 0 0 0
1 186 2 15 179 0 0 0 0 0 0 0 0 0 0 0 0 0 0 0
53 717 179 2197 0 0 0 0 0 0 0 0 0 0 0 0 0 0 0 0
38 12 183 1363 7 179 0 0 0 0 0 0 0 0 0 0 0 0 0 0
1 186 2 15 179 14 257 0 0 0 0 0 0 0 0 0 0 0 0 0
346 0 0 0 0 0 0 0 0 0 0 0 0 0 0 0 0 0 0 0
37 0 0 0 0 0 0 0 0 0 0 0 0 0 0 0 0 0 0 0
268 14 175 194 37 0 0 0 0 0 0 0 0 0 0 0 0 0 0 0
172 24 19 304 117 14 34 53 1197 38 239 294 79 2198 179 0 0 0 0 0
2199 69 15 300 230 2200 0 0 0 0 0 0 0 0 0 0 0 0 0 0
34 178 179 55 25 2201 108 108 175 463 37 2202 229 27 826 0 0 0 0 0
1403 1053 69 0 0 0 0 0 0 0 0 0 0 0 0 0 0 0 0 0
190 25 373 14 50 283 27 1038 81 2203 1079 0 0 0 0 0 0 0 0 0
304 963 346 0 0 0 0 0 0 0 0 0 0 0 0 0 0 0 0 0
37 14 365 179 2204 0 0 0 0 0 0 0 0 0 0 0 0 0 0 0
283 179 2205 14 175 194 37 0 0 0 0 0 0 0 0 0 0 0 0 0
172 294 1 2206 2170 0 0 0 0 0 0 0 0 0 0 0 0 0 0 0
1 665 2207 365 2208 229 38 14 53 2069 179 0 0 0 0 0 0 0 0 0
178 179 83 69 2209 0 0 0 0 0 0 0 0 0 0 0 0 0 0 0
172 101 34 180 69 0 0 0 0 0 0 0 0 0 0 0 0 0 0 0
2210 101 34 180 69 0 0 0 0 0 0 0 0 0 0 0 0 0 0 0
53 178 0 0 0 0 0 0 0 0 0 0 0 0 0 0 0 0 0 0
190 25 116 373 0 0 0 0 0 0 0 0 0 0 0 0 0 0 0 0
34 38 12 860 45 2211 15 83 38 0 0 0 0 0 0 0 0 0 0 0
724 14 175 194 37 0 0 0 0 0 0 0 0 0 0 0 0 0 0 0
172 53 102 238 2212 15 179 0 0 0 0 0 0 0 0 0 0 0 0 0
53 2213 179 2214 0 0 0 0 0 0 0 0 0 0 0 0 0 0 0 0
1053 179 0 0 0 0 0 0 0 0 0 0 0 0 0 0 0 0 0 0
45 551 1964 24 310 607 108 24 44 108 78 638 138 307 2215 0 0 0 0 0
229 25 297 45 617 27 2216 1018 27 2217 0 0 0 0 0 0 0 0 0 0
45 2218 25 122 1 1395 1127 291 45 160 25 2219 15 399 219 2220 0 0 0 0
131 45 314 1 2221 14 34 76 38 0 0 0 0 0 0 0 0 0 0 0
19 230 1033 141 782 14 304 963 0 0 0 0 0 0 0 0 0 0 0 0
194 37 15 25 1388 0 0 0 0 0 0 0 0 0 0 0 0 0 0 0
2222 1388 0 0 0 0 0 0 0 0 0 0 0 0 0 0 0 0 0 0
183 0 0 0 0 0 0 0 0 0 0 0 0 0 0 0 0 0 0 0
268 257 0 0 0 0 0 0 0 0 0 0 0 0 0 0 0 0 0 0
169 19 45 14 304 281 0 0 0 0 0 0 0 0 0 0 0 0 0 0
194 37 0 0 0 0 0 0 0 0 0 0 0 0 0 0 0 0 0 0
45 10 229 25 2223 14 257 14 2023 17 2224 0 0 0 0 0 0 0 0 0
53 317 1250 2225 14 283 179 2205 0 0 0 0 0 0 0 0 0 0 0 0
724 0 0 0 0 0 0 0 0 0 0 0 0 0 0 0 0 0 0 0
45 1513 69 14 175 194 37 14 17 27 48 2226 152 2227 2228 0 0 0 0 0
172 53 317 399 229 463 14 304 963 0 0 0 0 0 0 0 0 0 0 0
45 617 38 889 14 34 2229 27 475 229 1415 25 122 0 0 0 0 0 0 0
1559 0 0 0 0 0 0 0 0 0 0 0 0 0 0 0 0 0 0 0
194 37 0 0 0 0 0 0 0 0 0 0 0 0 0 0 0 0 0 0
963 305 1055 14 77 27 1560 30 1466 1703 0 0 0 0 0 0 0 0 0 0
276 14 1053 304 1155 0 0 0 0 0 0 0 0 0 0 0 0 0 0 0
190 1559 14 172 558 10 24 0 0 0 0 0 0 0 0 0 0 0 0 0
38 10 53 0 0 0 0 0 0 0 0 0 0 0 0 0 0 0 0 0
230 187 37 0 0 0 0 0 0 0 0 0 0 0 0 0 0 0 0 0
53 55 101 15 1364 0 0 0 0 0 0 0 0 0 0 0 0 0 0 0
178 179 233 69 229 14 1559 0 0 0 0 0 0 0 0 0 0 0 0 0
233 138 229 0 0 0 0 0 0 0 0 0 0 0 0 0 0 0 0 0
38 19 1 601 45 76 84 2068 27 954 1203 0 0 0 0 0 0 0 0 0
45 12 141 782 2230 1299 0 0 0 0 0 0 0 0 0 0 0 0 0 0
98 78 79 2231 0 0 0 0 0 0 0 0 0 0 0 0 0 0 0 0
27 1560 476 499 25 137 0 0 0 0 0 0 0 0 0 0 0 0 0 0
307 76 1601 177 977 173 0 0 0 0 0 0 0 0 0 0 0 0 0 0
307 76 25 1604 1631 177 2232 173 0 0 0 0 0 0 0 0 0 0 0 0
307 76 456 340 177 2233 173 0 0 0 0 0 0 0 0 0 0 0 0 0
99 313 14 99 2234 14 99 2235 14 2236 618 0 0 0 0 0 0 0 0 0
131 45 12 2237 141 25 2042 741 1792 0 0 0 0 0 0 0 0 0 0 0
139 14 45 12 2237 18 0 0 0 0 0 0 0 0 0 0 0 0 0 0
2238 78 452 79 18 275 14 34 1637 1414 1380 295 1385 0 0 0 0 0 0 0
2239 25 184 45 160 1431 27 305 41 0 0 0 0 0 0 0 0 0 0 0
34 45 76 38 217 268 14 45 76 0 0 0 0 0 0 0 0 0 0 0
25 796 1118 2240 0 0 0 0 0 0 0 0 0 0 0 0 0 0 0 0
20 1414 0 0 0 0 0 0 0 0 0 0 0 0 0 0 0 0 0 0
1 2241 0 0 0 0 0 0 0 0 0 0 0 0 0 0 0 0 0 0
20 1414 0 0 0 0 0 0 0 0 0 0 0 0 0 0 0 0 0 0
45 12 386 1327 1299 34 1 524 1822 27 654 0 0 0 0 0 0 0 0 0
37 522 17 27 122 2242 1347 14 24 45 54 180 138 101 775 2243 0 0 0 0
27 2244 12 1203 291 45 2144 25 122 217 27 2245 591 0 0 0 0 0 0 0
1452 0 0 0 0 0 0 0 0 0 0 0 0 0 0 0 0 0 0 0
282 37 229 27 2246 192 50 1671 50 45 2247 38 0 0 0 0 0 0 0 0
172 181 83 179 1862 30 295 463 141 94 654 7 438 0 0 0 0 0 0 0
53 102 183 303 14 257 14 175 194 1414 0 0 0 0 0 0 0 0 0 0
172 53 2248 1822 304 654 0 0 0 0 0 0 0 0 0 0 0 0 0 0
179 365 0 0 0 0 0 0 0 0 0 0 0 0 0 0 0 0 0 0
235 37 0 0 0 0 0 0 0 0 0 0 0 0 0 0 0 0 0 0
172 268 0 0 0 0 0 0 0 0 0 0 0 0 0 0 0 0 0 0
53 445 179 365 0 0 0 0 0 0 0 0 0 0 0 0 0 0 0 0
2249 94 232 14 257 14 283 179 2205 0 0 0 0 0 0 0 0 0 0 0
38 10 452 453 1 321 14 257 14 175 226 1414 14 1389 299 25 243 0 0 0
172 2250 294 79 235 0 0 0 0 0 0 0 0 0 0 0 0 0 0 0
53 12 2110 400 186 2251 14 257 0 0 0 0 0 0 0 0 0 0 0 0
296 14 53 317 598 179 181 14 304 723 14 175 194 37 0 0 0 0 0 0
172 53 102 294 103 2252 94 2253 7 184 310 1296 0 0 0 0 0 0 0 0
1414 630 14 34 663 1 161 2254 15 25 2255 0 0 0 0 0 0 0 0 0
1 186 2 14 1414 0 0 0 0 0 0 0 0 0 0 0 0 0 0 0
194 37 17 325 2256 24 2257 79 2258 14 50 45 2259 138 152 25 91 0 0 0
172 1 2260 2 14 1414 14 304 40 1514 14 288 53 55 1003 179 43 86 1 321
395 219 25 2261 34 2165 1216 2262 179 2263 1216 53 14 1414 1380 0 0 0 0 0
2264 2264 2264 2264 2265 12 211 288 27 326 0 0 0 0 0 0 0 0 0 0
27 231 305 1285 123 34 24 12 255 203 2266 0 0 0 0 0 0 0 0 0
239 24 79 1917 194 7 265 14 34 136 7 265 0 0 0 0 0 0 0 0
34 307 14 2267 1382 404 14 188 1053 265 14 456 340 0 0 0 0 0 0 0
0 0 0 0 0 0 0 0 0 0 0 0 0 0 0 0 0 0 0 0
