145.616
152.586
145.262
149.867
155.645
153.225
146.076
149.08
150.189
148.98
154.311
148.081
143.917
144.717
148.994
141.238
154.9
149.033
143.966
153.682
145.97
155.811
147.015
144.397
149.868
155.66
146.782
148.643
148.102
149.66
146.228
141.89
151.721
149.02
156.407
153.374
148.885
148.849
145.879
149.379
148.205
146.918
154.759
147.229
145.741
147.301
154.534
152.291
149.582
152.066
151.104
149.571
151.912
151.568
149.11
143.965
147.653
149.605
150.439
146.463
143.83
148.622
139.989
152.188
152.417
143.36
149.292
144.839
145.104
151.533
151.777
150.626
144.145
149.446
149.306
149.126
144.554
146.376
153.92
152.103
148.286
143.805
145.273
154.688
142.137
148.908
149.284
152.902
149.693
149.013
150.772
152.784
154.48
155.588
147.128
151.525
139.469
142.553
147.347
149.463
151.898
150.375
142.968
147.639
143.096
151.67
150.776
150.067
149.869
152.536
143.651
152.575
153.285
150.528
152.781
148.752
153.884
148.528
146.86
142.391
151.863
155.192
146.051
146.041
148.975
151.451
143.227
157.274
154.417
147.893
149.397
149.982
150.954
147.282
147.916
148.146
151.237
153.499
149.497
149.656
154.82
147.649
150.289
147.104
153.042
148.111
150.931
149.191
147.092
143.075
144.835
155.827
150.369
145.768
152.24
151.569
148.064
148.997
149.123
141.817
152.652
145.961
153.011
148.886
145.171
150.333
148.011
147.574
148.818
147.809
153.405
151.156
147.768
144.53
147.208
156.46
149.609
148.221
150.537
150.706
146.716
144.927
147.905
152.422
144.187
152.026
151.904
152.996
144.97
149.81
153.402
146.463
147.828
148.29
152.532
147.945
146.698
151.276
155.976
150.337
143.06
154.369
152.622
149.72
146.792
152.467
151.788
151.597
147.967
141.699
146.275
142.309
147.733
150.164
142.707
147.739
146.871
152.998
146.585
153.753
143.563
144.936
153.02
149.897
146.611
153.083
149.995
147.623
152.173
149.541
147.668
154.756
155.061
155.022
146.067
150.604
143.608
146.911
143.913
150.374
148.022
151.132
145.655
146.837
147.225
147.526
147.634
146.902
145.296
152.492
145.481
148.529
152.372
150.489
152.026
148.225
149.529
156.857
149.2
158.579
151.212
145.297
153.604
145.657
148.023
150.18
148.445
144.663
153.163
144.269
143.746
154.596
144.73
149.003
148.083
146.881
149.81
147.778
149.946
152.092
141.191
152.567
149.099
151.847
144.565
150.188
145.858
148.554
147.721
149.645
145.2
150.187
149.745
151.521
149.897
148.827
147.185
152.221
147.758
155.208
147.812
150.6
152.244
144.293
149.981
148.139
151.022
145.714
152.636
145.27
150.715
152.31
149.805
152.399
148.981
146.784
148.675
149.879
146.398
143.273
154.708
154.544
146.899
149.653
147.456
145.667
149.534
147.061
149.766
158.925
150.789
143.35
157.457
152.069
151.235
154.917
148.995
149.763
150.355
149.18
152.241
152.368
144.054
148.958
148.506
143.456
150.011
153.211
150.756
145.822
148.071
142.261
143.307
145.477
152.584
151.612
152.255
150.982
144.295
151.013
144.039
157.711
151.764
150.753
144.306
151.019
145.985
145.64
149.631
148.55
146.606
145.664
149.009
146.952
147.695
153.638
147.944
143.874
148.524
145.857
146.356
145.178
145.864
151.872
147.664
148.002
146.438
146.907
142.767
145.467
146.085
147.245
148.749
147.242
146.611
150.275
143.966
148.021
145.688
151.479
149.324
149.96
154.297
148.064
147.657
145.744
151.535
148.062
146.872
145.648
152.164
154.875
150.1
151.941
146.428
151.289
149.115
149.418
144.524
148.384
150.662
149.359
151.18
150.18
145.18
144.348
145.546
153.481
144.079
150.216
148.664
150.346
149.771
148.142
143.842
146.071
152.46
150.913
152.13
153.245
152.284
150.907
142.18
150.581
145.34
150.777
145.256
149.64
150.531
149.641
151.923
147.817
153.967
152.346
149.992
148.608
152.028
148.543
160.852
148.94
146.068
151.033
149.6
156.066
150.672
151.483
150.136
151.146
144.758
151.942
145.892
143.125
146.546
143.164
152.345
149.53
146.135
150.602
150.722
148.454
147.731
147.809
151.824
156.028
150.346
145.622
149.204
144.016
146.602
148.979
148.237
147.447
150.215
158.089
145.934
151.745
148.936
150.116
150.116
150.511
151.287
146.779
152.316
151.839
144.807
148.452
153.273
153.723
143.111
143.459
151.992
153.435
147.467
155.769
150.25
148.41
151.722
146.488
148.741
153.77
150.529
156.002
144.161
145.766
143.041
151.111
145.954
150.487
148.474
143.816
151.288
149.38
151.683
148.296
143.966
147.529
147.474
147.952
149.151
148.915
148.631
146.554
154.732
149.713
147.712
146.464
150.595
150.754
149.203
146.981
149.636
147.033
145.863
148.337
145.377
142.2
147.686
154.658
148.578
142.061
151.791
145.587
146.932
145.895
149.256
152.155
142.674
153.048
148.192
145.727
148.81
146.811
145.093
149.337
151.718
153.019
145.957
143.571
153.387
157.264
154.328
146.124
150.589
156.855
147.346
154.165
147.778
148.269
151.065
151.758
150.592
149.63
146.516
153.152
145.502
148.998
148.009
151.537
150.344
144.593
151.178
151.984
147.438
150.284
147.224
148.572
153.157
143.998
145.414
155.458
150.287
148.004
149.938
146.299
146.463
149.991
148.305
148.724
145.645
152.853
146.299
150.446
149.332
146.116
152.393
148.72
158.928
147.566
149.407
148.576
152.393
157.029
149.248
162.535
147.399
153.786
152.943
149.805
146.669
157.892
150.437
147.933
152.045
146.66
148.826
149.021
158.666
147.093
154.643
146.623
151.421
142.1
153.459
148.096
147.401
145.713
149.867
145.9
148.936
145.303
155.745
148.66
155.165
144.217
143.146
149.646
149.995
149.106
150.952
148.757
151.592
151.943
151.151
144.804
156.073
148.431
151.411
143.337
147.92
153.208
154.53
144.764
152.203
147.194
158.199
150.437
148.28
149.127
147.458
150.963
152.218
147.425
148.593
148.616
144.875
148.179
154.672
145.309
153.428
153.364
149.46
143.726
148.346
153.864
142.175
148.706
157.185
150.377
151.092
155.403
154.382
144.78
147.969
145.19
146.165
150.182
146.885
147.027
140.735
147.445
147.687
153.891
142.709
148.052
153.017
148.057
150.339
145.413
147.296
151.328
150.849
147.431
151.804
145.294
140.729
147.051
144.43
151.195
142.595
153.223
156.087
147.265
148.096
149.615
149.489
153.685
146.179
152.135
155.296
148.336
152.265
147.786
144.878
146.867
143.962
151.178
148.653
149.496
149.071
148.501
143.437
150.329
153.278
150.497
150.171
149.168
151.426
153.496
147.957
149.524
148.838
150.577
151.25
148.517
147.914
149.851
152.265
145.715
151.497
155.649
149.77
148.043
150.906
152.95
148.895
148.345
144.019
153.159
148.227
153.38
149.784
146.19
153.911
149.828
148.363
152.721
150.842
150.737
144.962
156.428
147.858
148.487
145.839
147.622
147.509
149.085
149.57
152.999
143.874
147.356
150.398
151.182
149.206
151.812
141.1
150.617
146.89
152.301
140.305
147.839
156.125
148.139
148.001
147.344
154.015
146.993
152.711
149.409
142.576
142.656
153.255
151.084
145.981
147.356
147.401
145.194
156.946
139.272
147.293
144.572
148.367
153.459
149.32
153.412
143.312
149.929
152.432
146.685
148.985
152.645
145.341
147.79
146.481
151.889
144.818
149.715
144.401
147.148
153.874
150.824
143.192
148.521
140.277
147.502
147.75
152.25
152.189
147.971
143.421
148.41
145.306
149.347
147.858
140.591
148.991
148.009
157.7
151.857
142.748
149.869
155.718
152.248
143.097
151.977
151.561
147.214
149.436
144.183
150.286
155.275
147.917
156.163
148.004
151.112
151.565
151.211
151.478
158.516
151.247
148.19
146.548
150.444
146.588
150.75
142.475
153.257
150.531
158.157
150.075
142.922
146.338
148.387
151.575
151.435
150.94
151.751
143.492
146.199
149.938
147.27
152.714
147.498
146.616
146.831
157.111
151.486
146.674
144.106
144.854
146.31
148.748
151.884
147.535
154.644
148.385
152.306
144.491
142.655
143.424
143.38
149.619
151.978
150.018
157.142
145.937
144.837
154.381
155.538
147.532
152.789
148.979
153.452
148.052
143.547
154.921
148.383
153.85
144.291
144.722
144.764
149.093
144.882
143.412
146.966
150.447
150.403
152.257
149.076
146.669
153.682
152.717
149.921
151.591
150.273
140.678
145.532
143.578
150.751
146.631
153.538
145.603
150.466
148.241
154.849
146.008
146.66
150.932
156.726
148.782
150.742
148.536
150.688
151.771
148.946
147.192
148.496
150.982
142.791
149.624
154.139
147.564
148.294
156.399
150.902
145.436
150.705
149.554
150.485
148.436
152.144
147.753
150.37
153.033
149.043
151.292
151.866
154.926
150.805
145.836
151.112
151.858
148.965
154.303
144.131
148.687
149.224
147.365
153.851
145.526
158.781
153.419
150.221
152.466
150.382
150.045
148.501
150.109
149.978
140.106
145.126
150.814
146.162
142.743
147.351
153.435
153.095
146.274
147.867
156.955
145.294
150.997
146.185
148.247
149.484
152.454
149.895
150.126
149.579
141.111
145.64
147.109
153.557
148.202
147.698
147.508
147.712
149.851
146.845
149.476
148.454
150.881
155.026
150.072
145.123
153.121
153.481
144.469
155.399
155.722
142.862
142.859
142.83
147.515
145.405
139.941
146.615
151.283
145.95
150.089
150.122
148.71
146.111
149.073
144.606
153.987
148.174
142.592
149.834
149.86
148.724
144.935
151.044
150.427
148.301
146.982
150.938
151.745
142.846
148.738
149.628
149.694
147.764
150.003
148.097
144.846
153.227
151.676
147.618
146.97
143.751
144.522
146.469
147.674
145.444
143.181
155.235
146.055
144.808
146.074
151.092
155.396
143.508
144.726
141.541
144.62
152.48
144.803
146.057
148.478
148.201
149.659
151.811
153.407
145.477
142.331
150.484
146.511
152.103
152.451
147.948
146.108
155.417
158.059
143.819
145.814
147.114
148.728
151.613
154.264
143.814
142.826
150.159
150.587
148.295
149.358
152.198
148.651
153.588
145.922
150.479
159.472
151.404
152.033
149.84
150.721
145.972
151.464
151.481
140.36
153.57
146.65
151.839
148.223
153.841
147.115
149.314
154.755
151.596
147.989
152.032
149.497
157.569
144.799
147.165
157.755
152.316
151.704
149.4
155.941
145.741
154.479
148.944
145.499
143.573
149.24
145.348
145.834
148.732
151.304
148.806
148.989
151.799
151.683
146.141
149.395
155.224
150.054
147.898
151.885
149.155
152.811
143.897
145.29
139.927
145.539
157.336
149.501
143.318
140.611
148.373
151.584
149.222
147.102
146.771
149.568
144.439
161.48
148.159
150.547
149.612
146.78
149.468
146.752
155.486
146.932
149.928
151.402
148.68
145.828
145.845
149.482
147.733
146.837
148.711
148.487
153.949
150.285
145.907
146.267
143.717
145.631
147.801
149.273
147.444
154.818
151.812
142.218
151.97
139.449
144.511
153.428
147.104
151.994
143.197
147.783
151.563
145.234
143.695
153.397
148.679
148.913
153.826
151.232
146.488
150.153
146.778
155.637
148.603
155.277
148.935
150.459
150.865
151.57
143.155
150.521
147.467
141.905
151.275
148.857
150.829
146.437
146.368
151.79
151.679
155.032
143.393
154.25
146.119
143.365
145.761
148.009
152.299
149.657
147.536
145.584
149.267
150.869
152.88
151.585
146.589
151.496
150.948
150.518
146.253
145.638
147.656
159.083
157.729
150.823
143.274
139.588
141.378
149.394
148.013
151.61
144.215
149.308
147.802
154.418
148.317
148.747
146.751
144.907
147.82
150.149
147.816
146.615
150.707
145.483
153.532
145.958
149.488
151.749
144.885
149.139
146.036
152.662
153.643
147.724
148.463
142.302
141.268
151.679
146.312
153.347
153.743
151.222
150.333
144.537
152.486
151.337
147.319
147.763
149.116
150.11
148.461
152.008
146.637
141.836
150.087
150.476
139.927
149.646
150.762
142.4
151.044
144.775
149.518
146.914
156.336
146.155
147.587
148.158
152.164
147.531
141.204
149.485
151.086
151.225
153.353
155.808
147.39
143.791
143.516
148.612
150.264
148.15
152.832
149.396
144.68
152.191
148.046
148.376
146.707
149.08
152.363
154.374
146.707
147.482
148.569
144.47
147.17
150.038
148.016
146.515
146.052
148.192
152.748
143.441
145.927
151.358
152.789
152.652
148.282
150.533
152.413
144.484
151.509
141.526
157.466
143.295
143.668
153.564
144.074
147.336
145.209
146.939
144.013
145.157
154.915
144.252
150.535
152.978
147.406
149.85
152.077
154.212
149.947
153.962
151.664
150.732
146.341
149.696
147.516
151.54
156.015
149.201
149.325
151.087
147.953
150.492
149.728
152.039
147.817
152.434
146.832
140.682
145.767
147.144
146.918
146.364
143.953
151.156
152.236
148.563
140.125
150.201
145.744
145.512
149.784
149.005
148.989
154.866
148.864
147.04
145.295
145.46
145.216
148.586
147.65
146.344
149.799
149.705
147.659
146.515
147.64
157.162
150.095
145.182
143.314
145.477
148.57
149.705
150.455
146.309
142.046
143.987
148.945
147.01
150.055
145.776
147.817
151.031
149.285
152.41
154.096
148.058
154.781
151.284
141.201
146.542
143.537
154.535
148.739
146.488
151.357
145.482
146.483
148.304
146.222
144.768
152.863
145.207
151.561
149.912
147.236
146.79
149.136
146.944
149.53
150.885
147.756
146.91
150.92
148.925
148.905
150.965
143.496
147.938
151.693
146.351
138.303
153.257
149.701
144.323
147.392
147.651
151.672
143.564
150.341
151.048
152.638
146.058
153.843
146.021
143.948
142.689
146.101
149.709
145.428
147.82
151.81
148.868
144.062
150.349
154.012
153.752
153.866
146.872
153.358
150.407
150.114
149.65
153.588
153.099
145.356
144.294
148.799
152.028
147.479
149.988
148.73
152.141
142.79
148.204
154.107
150.854
150.768
156.888
147.273
144.904
150.158
147.684
148.649
143.964
145.826
149.95
149.672
144.769
150.022
146.606
148.481
146.454
149.382
156.231
146.651
146.617
145.285
152.058
147.091
147.944
154.835
157.024
148.48
143.644
147.729
159.568
153.603
146.004
153.353
155.971
150.45
149.414
150.543
143.143
151.403
146.744
141.54
151.745
153.416
149.314
150.855
154.749
147.874
150.638
152.716
153.295
146.118
151.633
142.07
145.167
149.413
146.164
148.527
158.193
147.376
145.688
150.066
147.087
137.953
144.063
147.705
148.799
151.395
154.231
154.82
156.785
152.808
147.518
148.789
149.105
151.16
147.886
154.083
146.833
156.446
149.351
148.062
154.101
149.85
154.673
149.875
150.007
146.206
151.806
147.09
150.6
152.134
152.945
151.826
147.608
152.615
149.387
147.085
160.275
155.006
148.596
145.943
147.567
149.758
143.214
150.55
143.932
152.782
153.669
147.426
144.323
147.742
153.817
146.969
152.185
148.924
147.302
145.594
149.858
152.341
143.617
147.004
150.063
154.23
149.58
148.76
150.0
150.298
149.582
148.748
159.405
154.612
141.937
152.355
145.975
151.829
154.294
147.493
150.023
154.244
148.393
148.71
156.01
150.176
145.643
146.403
146.4
143.136
157.138
149.206
151.4
149.84
149.685
149.795
143.955
148.878
146.938
146.549
152.535
153.507
149.806
150.848
151.711
149.583
144.147
151.482
145.455
150.73
151.893
155.99
147.929
149.424
153.327
145.906
143.841
155.472
146.633
149.981
151.321
146.51
154.643
146.629
148.874
154.385
146.667
145.094
147.75
152.262
152.695
151.82
152.294
152.68
149.135
146.086
154.402
144.478
150.452
144.188
146.975
146.57
139.744
151.829
149.887
150.454
148.503
153.634
140.169
149.237
153.768
145.632
152.138
150.346
149.507
150.223
145.692
154.959
149.452
152.177
149.109
148.551
147.99
153.39
150.179
148.325
149.448
154.959
157.345
154.749
147.5
146.62
155.188
153.507
144.223
154.729
147.11
147.068
151.998
150.53
148.366
145.829
146.802
149.434
145.962
144.262
144.861
146.898
141.46
146.269
149.4
145.072
148.255
146.604
153.489
150.927
156.142
146.421
144.712
147.227
152.695
148.197
145.412
143.126
156.005
152.358
149.788
145.25
149.412
148.958
149.975
150.51
149.634
151.954
145.607
147.132
146.323
152.929
140.069
146.128
146.408
152.295
153.08
146.602
150.079
154.786
150.569
148.764
150.657
147.169
155.249
143.094
153.345
148.892
151.232
145.416
140.207
143.527
144.933
149.063
148.418
143.269
146.319
143.988
148.609
158.484
144.384
144.103
150.029
145.78
150.673
147.937
146.005
148.933
146.563
147.896
151.67
150.342
152.349
150.435
150.167
141.868
156.937
150.699
150.814
150.792
148.302
153.856
148.45
145.761
144.947
143.279
147.577
148.144
149.273
153.804
155.067
150.873
152.435
148.104
154.702
153.027
151.19
149.033
144.903
150.518
150.106
152.443
148.465
151.132
151.929
159.107
147.925
154.375
154.016
146.729
145.578
151.375
150.076
145.447
153.998
147.789
143.296
154.727
151.875
148.246
147.549
149.641
149.519
148.23
150.891
150.34
154.054
148.317
146.678
150.206
152.464
152.514
146.098
151.29
150.128
152.515
152.072
147.005
147.941
148.134
145.767
143.995
150.981
145.752
143.392
154.782
146.878
146.729
149.123
146.35
151.985
151.567
151.142
142.795
148.849
153.99
148.503
150.34
147.998
146.054
145.702
149.613
152.303
144.14
148.307
145.226
145.186
144.421
149.411
151.418
149.617
146.449
151.396
148.894
147.708
153.093
145.513
145.863
145.962
149.388
146.008
144.917
148.281
144.21
149.198
150.539
148.824
144.971
150.561
148.279
145.585
146.463
155.953
147.943
149.66
147.603
151.128
151.606
138.495
148.653
153.68
152.488
147.097
143.413
146.193
147.11
150.535
149.977
144.237
143.406
145.308
146.72
147.391
151.605
148.273
148.783
147.835
150.493
150.862
144.798
144.167
149.859
152.635
143.499
152.152
147.278
152.078
146.609
146.807
151.844
150.656
145.285
146.586
148.253
147.342
151.223
147.575
147.664
147.33
148.533
151.543
143.779
147.054
149.437
145.159
148.595
148.268
147.051
152.953
152.267
148.594
147.728
143.252
150.893
145.183
150.297
156.166
153.111
150.17
150.228
142.304
143.836
146.35
145.754
147.328
145.467
154.331
142.719
151.76
147.135
143.234
151.042
143.437
146.386
153.935
149.098
149.259
151.93
149.407
150.413
149.1
150.438
145.755
148.274
151.756
150.396
146.272
151.754
146.312
150.815
145.335
149.955
147.596
145.681
151.456
152.819
150.506
145.597
143.964
149.78
146.92
148.705
148.408
146.389
149.111
144.009
149.218
149.183
146.694
143.834
149.656
149.868
146.53
142.202
143.92
147.987
154.404
155.215
142.903
150.189
144.082
146.694
155.171
145.815
150.838
154.846
149.804
149.378
147.583
147.849
146.68
150.339
149.559
144.135
147.401
145.473
153.172
151.726
148.264
145.446
141.027
141.025
147.523
150.718
148.782
147.709
144.08
141.052
146.552
147.129
148.268
151.371
150.507
144.163
150.139
149.321
145.93
145.149
151.798
148.938
147.078
154.763
142.228
153.009
152.335
142.445
138.668
142.988
147.097
146.85
145.205
144.955
152.907
158.629
152.242
146.986
145.797
146.838
147.359
151.059
146.769
141.737
144.896
152.349
142.754
143.43
143.984
150.171
146.416
146.583
151.081
153.375
150.434
150.056
145.959
149.255
145.046
148.397
150.629
152.778
150.789
148.519
140.464
146.579
141.577
154.939
152.587
146.871
161.654
153.657
142.537
149.974
147.543
149.885
145.571
146.723
150.637
144.418
146.904
148.586
149.757
151.576
149.594
145.144
148.375
151.175
148.671
151.609
147.131
149.389
160.948
153.8
147.951
153.865
148.728
140.907
145.804
148.241
148.637
144.085
145.252
148.301
149.478
144.811
145.474
148.102
143.98
150.947
145.862
146.808
148.857
152.046
146.789
142.405
151.764
153.353
153.081
147.935
148.68
148.934
151.66
142.017
146.603
152.143
161.097
150.13
148.055
146.596
147.142
146.107
150.846
149.663
151.837
145.021
148.105
140.507
155.615
149.474
143.991
147.568
149.063
139.312
145.879
150.953
143.948
152.489
152.702
151.034
149.784
148.147
148.48
147.892
149.209
150.515
148.688
151.242
149.394
151.7
146.831
153.083
148.249
156.212
154.326
149.82
144.837
149.77
147.04
148.589
153.017
151.126
150.397
143.932
147.69
152.369
152.914
142.827
152.296
147.969
149.369
150.433
143.91
142.888
152.215
150.244
142.451
151.122
146.814
149.348
156.871
139.597
148.269
155.462
148.888
150.395
152.321
147.356
146.682
148.619
144.591
146.194
155.716
148.359
144.574
149.076
144.623
150.776
152.0
149.475
147.943
149.174
150.912
149.391
144.844
145.633
153.199
153.497
145.791
148.283
147.072
155.291
145.208
146.43
148.678
144.967
149.552
153.734
144.529
137.414
146.062
148.633
143.387
150.46
146.898
146.806
152.829
148.072
146.323
146.711
147.376
148.634
148.993
147.755
152.761
153.695
151.578
148.193
139.862
146.833
144.664
155.075
145.631
145.728
147.085
150.744
146.902
147.751
154.894
150.59
147.619
148.257
148.796
153.056
144.238
152.227
150.45
143.104
148.843
147.818
152.807
144.464
156.084
149.451
145.9
150.554
144.043
145.341
141.636
146.503
147.265
148.959
146.759
148.046
148.531
144.768
152.189
151.053
151.442
146.927
153.403
147.199
155.45
147.834
149.21
143.006
158.484
150.883
146.169
151.958
148.915
145.905
142.798
147.322
149.09
153.863
146.246
147.69
146.115
143.834
148.171
151.907
151.911
141.599
146.38
146.306
148.429
151.833
157.452
151.509
147.234
142.493
151.828
148.206
150.351
153.082
147.665
149.718
143.738
152.228
155.257
155.84
147.01
149.583
152.184
149.48
151.819
151.413
147.668
153.247
145.337
152.004
151.51
150.215
148.187
149.164
156.662
157.063
153.885
152.855
151.373
141.849
156.03
150.477
145.617
146.794
146.077
146.378
149.859
153.326
144.253
144.479
153.084
149.244
150.569
148.804
151.051
155.398
149.914
152.168
149.889
141.821
148.247
149.36
146.809
148.04
147.079
141.838
153.656
146.026
145.041
148.782
152.76
147.429
147.047
147.909
144.773
147.079
147.964
149.285
143.614
155.155
144.372
152.739
148.19
150.462
144.51
154.9
152.638
146.403
148.88
149.201
157.498
146.336
156.788
145.537
150.807
150.502
148.044
149.877
147.676
148.349
145.381
145.966
147.194
146.191
148.017
146.367
144.932
146.939
151.853
152.358
149.441
149.97
149.741
144.928
148.797
149.249
153.873
149.22
149.875
157.659
151.39
151.29
148.196
151.575
142.799
154.259
146.231
157.417
143.671
152.781
149.362
146.456
152.891
152.187
146.888
151.582
149.721
139.032
148.348
148.893
145.898
150.654
147.685
145.244
147.688
152.826
144.008
143.233
152.277
146.562
144.133
152.619
147.008
143.576
146.59
153.36
149.331
147.285
144.437
148.369
149.625
148.413
151.074
150.235
149.375
154.762
149.303
145.392
143.932
147.645
141.009
151.5
146.833
146.005
147.065
147.766
148.334
155.381
149.633
144.546
152.647
153.913
151.091
145.893
155.859
152.595
149.659
151.705
146.515
143.196
143.915
144.618
152.458
152.868
151.296
151.975
140.379
152.889
154.398
151.603
147.274
151.391
150.39
151.083
144.716
143.75
150.864
144.14
146.466
153.163
150.277
143.696
154.814
151.638
149.04
147.712
145.511
145.291
145.678
146.016
149.332
148.759
152.861
148.466
150.426
148.332
153.452
147.943
152.634
147.524
150.36
142.481
145.274
143.225
146.638
142.904
146.741
139.265
150.523
147.047
149.593
157.679
146.051
148.382
146.143
149.895
155.137
151.109
149.574
147.192
151.59
145.615
147.791
148.009
145.696
146.237
152.218
149.288
144.133
153.631
148.959
156.724
153.578
144.522
151.783
151.537
148.32
149.962
149.176
151.443
146.407
144.278
149.291
156.498
151.823
149.717
145.483
145.438
146.101
151.253
148.518
151.438
149.16
153.7
146.927
151.21
154.269
146.153
149.816
150.333
149.186
146.051
147.173
149.665
152.292
145.33
147.584
149.57
150.27
146.091
148.02
144.235
139.495
144.397
152.465
146.508
160.57
140.567
148.046
144.89
154.741
148.747
150.048
148.213
149.058
142.423
147.309
149.577
149.003
142.38
150.537
143.333
141.136
143.123
145.145
152.12
151.129
138.961
146.059
144.397
148.071
148.552
149.882
153.016
143.812
152.649
148.946
147.394
143.51
149.888
140.324
149.439
152.446
151.405
143.025
147.27
146.377
152.001
145.688
150.213
140.208
146.558
147.012
143.146
150.349
146.845
151.84
145.51
148.925
147.401
147.603
146.36
148.202
144.35
152.261
152.599
149.782
154.731
145.748
151.236
150.206
145.34
151.699
141.282
151.271
148.621
152.783
145.783
150.625
141.914
150.369
144.443
150.215
150.685
153.851
148.914
148.558
145.648
147.906
148.972
151.138
149.163
148.495
153.284
145.838
150.054
156.269
150.151
151.057
150.459
148.279
143.828
151.922
147.022
146.018
149.402
151.609
143.396
139.84
148.815
146.127
144.647
144.611
149.211
158.492
147.372
148.281
147.071
146.199
146.762
145.318
152.012
147.45
150.587
149.516
147.136
146.478
154.783
150.764
153.798
150.284
151.131
150.523
155.809
145.166
149.326
146.181
153.078
148.576
148.619
141.727
154.109
146.333
151.267
145.798
151.51
147.307
150.908
152.084
147.82
141.113
150.256
143.764
146.368
154.21
145.559
147.332
145.136
146.976
144.091
146.312
145.439
146.789
148.123
141.927
147.539
151.95
150.572
156.661
150.861
153.92
150.81
150.614
147.961
146.275
148.894
146.264
148.016
151.12
146.146
153.612
147.155
146.791
148.705
149.497
144.087
147.442
148.705
147.746
146.386
142.717
147.669
144.168
148.166
153.042
145.18
157.651
151.822
148.137
152.034
146.852
151.343
154.617
149.421
151.482
144.875
149.102
149.575
149.48
157.804
150.363
147.975
148.824
148.741
144.271
149.247
152.549
151.812
151.942
151.393
153.747
152.057
151.204
144.797
150.894
140.028
146.43
151.614
146.867
152.756
147.497
149.058
145.429
145.401
151.586
154.979
146.529
142.685
144.567
153.425
141.783
151.341
147.075
151.796
146.795
152.092
152.448
150.216
151.563
149.285
148.986
147.714
148.998
150.85
154.189
153.04
148.38
152.071
148.963
146.017
151.713
151.445
144.25
148.607
152.262
156.088
148.912
154.338
147.993
146.1
153.028
154.065
147.115
154.585
153.588
142.901
151.553
150.82
149.882
148.766
146.002
147.657
152.925
150.624
148.407
150.084
148.515
149.192
146.564
151.176
149.975
154.017
143.183
152.675
150.212
145.557
147.27
155.848
149.935
148.001
149.762
147.598
144.365
149.371
147.883
147.375
140.745
147.726
148.876
153.616
150.018
150.17
150.029
148.281
147.477
148.95
147.285
149.416
153.646
151.907
147.42
144.971
155.827
145.13
142.024
152.753
148.571
156.908
153.059
142.719
151.378
143.521
151.579
149.542
155.489
147.62
142.318
146.661
156.39
155.014
153.749
145.444
142.19
150.915
144.574
145.0
146.513
151.712
144.57
147.767
152.07
146.453
141.924
150.832
149.586
145.967
146.467
150.621
149.966
150.907
151.615
147.491
142.005
152.449
144.813
154.313
148.21
146.536
150.324
147.545
148.864
145.449
159.114
150.626
144.456
152.776
151.684
149.753
149.1
145.889
149.786
152.218
146.223
151.832
157.419
148.954
153.286
149.188
149.073
150.698
150.618
146.655
152.048
144.675
150.431
144.49
150.982
151.224
154.696
154.42
144.256
150.839
147.185
140.75
146.98
147.502
150.98
146.634
145.967
147.512
146.666
147.56
153.376
142.969
152.645
148.72
146.871
152.963
153.794
154.031
150.088
142.916
140.443
149.225
152.857
151.301
146.844
148.261
150.27
150.031
155.212
148.505
152.685
146.31
152.326
151.155
146.538
152.451
150.272
154.695
145.108
155.655
149.662
146.525
148.194
148.607
152.79
153.173
142.731
151.936
141.393
152.654
154.071
147.888
151.38
145.947
150.802
155.159
154.192
143.039
155.154
144.557
148.084
146.339
146.777
143.384
145.335
146.464
146.392
146.64
151.894
149.817
147.63
146.917
144.396
143.746
145.754
147.705
141.8
148.929
147.284
152.747
149.205
145.069
155.926
154.339
159.891
144.221
153.954
148.455
156.893
139.834
152.727
157.016
153.3
150.555
152.165
156.494
146.272
149.982
149.415
150.672
147.744
157.203
142.055
150.501
146.893
147.644
145.137
153.136
153.905
153.508
146.845
150.859
150.459
148.517
149.246
151.663
145.576
145.823
148.845
147.869
151.527
149.493
150.9
144.332
148.964
153.738
149.451
142.515
152.262
147.795
145.693
157.163
153.055
151.278
149.845
149.224
145.168
144.89
147.632
149.375
144.61
152.301
152.496
153.71
147.571
152.176
148.511
152.604
147.928
151.759
139.79
147.379
154.645
149.144
152.112
145.233
136.872
154.149
147.867
152.119
147.008
152.339
146.746
148.911
149.856
147.203
153.563
146.154
148.421
150.375
151.508
148.413
150.613
144.816
158.266
152.852
151.626
144.779
149.622
153.971
150.458
146.564
152.793
151.686
148.028
144.651
140.99
147.637
150.774
147.466
152.432
150.915
154.246
151.09
153.25
155.762
148.418
148.124
153.384
152.958
146.958
146.054
152.33
143.953
145.329
152.621
148.742
148.486
149.952
151.392
150.717
148.719
152.167
151.243
149.279
151.645
145.62
153.054
151.283
145.232
147.971
148.471
142.066
149.108
152.855
149.028
147.021
152.541
152.121
152.848
145.936
143.608
145.517
148.33
144.176
148.649
146.024
150.007
152.519
140.809
150.003
143.02
152.213
152.58
149.497
150.336
145.558
152.403
145.349
149.041
141.98
156.288
150.389
154.395
143.472
149.494
140.827
147.17
153.763
148.046
148.769
150.149
146.723
151.223
148.445
149.899
146.739
149.818
147.957
149.403
144.676
147.315
150.27
150.28
150.249
154.289
145.003
147.868
143.39
145.538
155.86
154.592
153.121
154.029
148.048
146.001
148.649
150.121
147.983
149.218
146.557
148.866
144.595
154.922
146.025
145.156
145.645
148.07
155.271
140.787
152.654
146.91
149.283
149.212
142.943
150.862
153.351
149.693
149.326
147.667
141.422
149.601
147.621
155.259
149.517
153.583
150.609
147.372
144.18
147.472
147.993
151.001
151.344
148.658
152.097
144.347
147.332
150.699
147.941
153.182
149.03
146.605
151.594
150.971
151.785
146.5
144.291
144.086
144.382
152.926
150.93
151.011
147.432
146.72
155.008
144.098
152.553
149.281
145.878
152.664
152.624
144.472
155.219
147.729
150.067
149.521
154.301
143.672
146.392
146.856
146.134
152.429
151.538
147.981
145.133
151.271
146.287
154.989
156.071
152.816
158.531
148.378
152.258
152.491
150.785
151.391
151.189
148.408
149.361
147.082
147.742
147.572
150.971
153.973
148.948
149.228
149.643
144.467
150.07
153.64
147.486
149.074
149.741
150.877
151.864
147.269
145.701
151.943
146.453
152.864
149.033
149.592
139.69
146.063
157.584
151.824
153.582
148.015
146.375
147.623
150.026
147.7
150.182
148.832
148.715
155.722
149.275
149.503
145.686
152.276
144.474
143.296
146.748
145.391
151.21
145.68
152.752
153.514
148.098
154.673
145.667
152.152
148.481
151.373
151.858
148.845
148.254
156.107
148.147
146.829
144.095
147.274
148.672
144.731
156.524
147.438
155.823
149.456
149.675
147.087
149.321
151.28
151.337
153.694
150.873
149.479
142.763
150.552
150.42
146.146
145.787
147.835
150.427
146.671
153.124
144.108
150.787
143.428
150.476
148.673
157.299
148.869
153.931
147.398
149.734
145.422
151.097
147.427
149.308
143.106
150.468
149.948
149.116
150.961
152.852
146.84
145.426
148.82
154.066
154.704
147.599
145.638
151.606
151.923
156.054
147.53
154.617
150.561
146.874
147.129
142.352
148.881
154.107
151.946
152.561
146.602
144.461
154.167
147.076
151.626
145.591
150.753
147.066
147.097
145.905
150.663
145.936
150.971
147.517
145.078
151.941
154.253
144.48
151.608
150.172
153.566
150.596
144.488
150.354
149.627
153.682
148.605
147.614
144.554
144.642
145.786
151.249
145.775
150.6
153.28
151.473
150.254
150.977
146.672
148.111
150.262
150.049
147.112
153.855
151.032
144.173
152.857
147.405
147.212
150.41
146.488
145.358
144.078
146.716
147.651
147.373
148.386
150.165
149.754
149.011
143.644
152.093
149.315
152.653
144.375
146.731
151.352
148.108
147.865
144.64
150.647
146.853
154.93
148.929
153.303
150.332
152.326
153.982
146.647
155.278
150.951
149.737
148.013
152.674
142.957
145.372
153.78
150.409
148.32
150.609
151.244
141.411
150.483
147.276
145.881
146.011
143.5
154.566
148.001
154.674
146.913
150.575
146.823
147.904
150.867
150.875
151.153
150.907
148.407
151.489
150.574
148.931
157.134
153.221
146.63
152.747
148.942
145.448
146.392
148.399
151.027
154.382
142.517
149.38
151.585
152.474
152.306
150.535
149.961
153.198
148.851
148.496
153.172
151.376
147.469
144.666
150.822
149.4
139.921
153.477
143.14
144.291
150.4
149.565
147.666
144.686
145.111
145.818
150.95
148.213
151.737
141.147
152.606
140.842
154.194
149.742
139.751
149.042
151.103
148.157
151.34
146.546
147.942
150.1
151.938
150.367
147.293
149.331
150.872
145.911
156.865
152.286
151.323
150.019
147.215
149.765
144.174
146.247
147.851
153.135
151.653
147.125
148.18
146.332
150.529
146.906
147.17
157.495
154.875
149.963
150.183
144.198
146.595
159.188
152.933
150.346
146.33
151.604
147.261
150.999
147.1
152.595
152.465
156.624
152.661
148.521
151.755
148.271
147.303
154.679
147.39
153.528
145.977
148.833
149.245
150.26
148.707
142.619
145.477
155.96
149.407
151.688
150.852
149.499
150.541
143.832
153.902
150.207
152.28
151.834
148.341
149.619
151.848
149.986
144.218
148.488
155.526
150.878
150.06
150.624
144.945
148.844
152.709
145.404
152.414
153.976
153.49
148.054
144.913
143.931
151.145
148.993
152.236
148.667
151.749
146.498
146.841
149.115
149.289
145.492
149.987
146.925
154.94
146.93
150.295
151.554
151.128
153.55
149.561
147.528
143.079
147.173
146.971
155.648
148.488
149.008
154.506
146.427
150.093
148.349
153.406
146.242
142.14
148.391
145.913
146.64
150.752
145.917
144.882
153.54
151.489
145.784
151.462
145.361
150.641
147.092
143.048
147.937
149.575
149.646
142.956
151.965
150.634
150.204
152.528
147.071
143.1
147.661
149.975
149.018
153.071
151.083
146.159
141.914
146.624
143.869
156.176
147.006
147.967
152.25
145.573
152.55
141.046
148.682
142.188
147.962
152.012
153.966
141.43
147.415
143.118
147.932
150.641
149.552
146.42
145.013
154.831
152.57
150.955
159.014
150.707
146.499
150.721
154.604
143.803
147.602
145.154
150.717
146.26
158.919
155.763
149.267
145.653
151.356
145.281
147.012
146.571
150.968
150.672
149.628
157.415
149.974
147.815
156.571
144.626
148.433
151.261
151.501
155.051
149.983
147.654
146.682
144.982
149.386
149.077
152.383
147.783
143.412
152.794
151.427
144.726
146.833
147.091
153.721
141.103
149.613
150.719
147.891
149.147
142.934
145.701
151.241
147.328
151.345
146.625
148.78
151.019
144.639
142.502
155.377
149.176
147.048
151.797
148.246
150.204
153.183
154.242
140.464
154.13
149.653
146.981
152.144
146.02
150.167
145.536
143.493
149.058
151.634
149.19
148.869
146.416
152.603
152.939
142.919
148.095
145.921
150.336
152.832
146.374
149.451
150.873
151.972
146.95
151.261
145.128
143.504
148.272
154.934
150.369
150.472
147.808
143.396
152.148
148.378
150.575
149.669
147.227
149.63
147.938
154.968
147.06
148.764
152.676
148.552
146.493
157.152
144.721
152.316
153.883
143.492
155.761
145.369
152.545
148.752
151.891
151.21
150.63
147.488
154.549
143.577
150.554
143.238
150.156
149.804
143.208
151.818
148.383
147.23
152.542
152.997
151.236
144.411
146.722
150.398
145.749
148.218
150.592
148.742
146.865
147.488
155.386
149.95
152.069
146.499
148.298
149.55
146.156
152.041
160.516
147.371
145.836
150.749
140.052
145.925
153.735
151.328
147.997
144.383
155.474
157.427
145.604
149.587
147.099
142.825
152.643
150.99
151.019
150.12
147.946
154.591
147.61
147.949
149.409
147.577
146.466
153.146
145.624
140.059
145.473
152.078
148.229
151.681
154.973
148.174
150.857
152.285
154.832
144.373
152.452
148.036
143.753
150.365
150.903
146.172
147.602
153.128
148.652
153.131
145.851
149.189
147.37
148.442
150.893
151.662
150.708
145.955
150.034
149.764
146.512
146.051
146.53
148.486
144.519
153.462
151.819
155.681
146.512
143.034
153.409
152.197
150.873
142.594
151.349
145.738
153.169
145.55
148.277
150.417
149.292
148.914
157.837
139.727
151.811
148.486
154.306
142.796
147.357
152.167
148.354
146.408
154.281
155.721
148.874
150.597
148.806
153.437
149.71
150.366
152.702
153.218
142.009
142.959
148.543
144.189
147.72
148.263
155.733
151.483
149.171
153.538
148.808
152.28
149.502
146.334
150.153
155.187
152.849
142.839
149.556
156.158
153.448
143.902
150.655
145.878
147.608
147.172
150.436
147.586
148.695
141.753
150.624
146.434
150.308
149.192
147.607
150.999
148.112
144.562
150.012
148.726
150.176
148.443
148.18
148.73
145.566
149.235
145.889
146.956
143.366
147.473
148.099
147.024
145.442
146.272
147.896
150.167
148.141
150.872
150.424
146.291
152.03
148.498
151.143
158.677
152.702
150.053
151.505
148.314
146.727
148.056
149.209
147.421
149.924
149.176
150.225
145.682
151.009
151.075
152.277
151.27
150.312
148.901
150.544
151.529
147.225
150.262
145.192
156.628
150.632
148.365
143.161
147.376
150.019
150.396
146.595
143.123
148.875
148.144
145.403
151.006
151.884
145.142
146.25
150.036
144.998
155.146
146.569
140.923
144.198
155.255
144.896
145.291
148.41
149.846
154.277
142.565
155.223
152.411
148.275
153.271
147.267
147.425
150.881
147.995
145.522
153.769
140.485
148.578
149.289
149.674
147.499
151.632
149.63
142.875
148.955
153.765
153.136
147.98
149.747
143.938
148.628
146.678
148.173
147.841
141.349
147.618
148.156
147.713
146.961
156.474
150.92
147.74
145.347
150.083
147.033
148.127
140.316
142.84
150.677
145.548
145.801
147.209
149.993
148.488
152.539
147.16
143.77
147.605
144.607
148.75
145.066
152.96
149.093
151.056
145.126
153.006
153.783
141.595
149.99
155.375
144.505
152.942
147.096
147.238
150.922
148.465
148.356
154.283
145.651
151.198
151.234
152.42
151.155
142.898
142.086
152.237
152.716
142.347
147.346
150.6
151.803
151.124
145.578
153.566
146.684
145.091
151.169
151.611
148.791
150.849
147.493
148.825
142.826
146.329
141.732
146.411
145.002
150.671
154.001
148.832
149.501
143.262
150.655
147.762
150.681
150.559
147.193
153.599
150.564
150.812
145.42
154.021
152.102
144.42
149.563
152.548
149.132
146.112
148.793
154.878
152.278
146.499
143.885
148.423
152.707
153.271
148.796
147.202
146.407
140.565
146.792
145.226
153.464
147.123
147.571
150.836
146.458
146.491
151.999
145.86
150.903
147.876
152.743
148.534
148.487
153.143
145.574
147.398
150.024
146.372
149.586
148.024
148.182
150.467
153.014
153.941
144.949
149.676
151.851
152.527
148.512
149.393
150.668
144.808
153.324
150.053
154.398
147.174
149.275
151.33
150.266
148.051
142.027
152.24
142.744
141.601
146.998
151.738
148.814
149.41
148.55
149.678
150.116
147.211
154.333
152.837
150.282
151.782
156.423
151.619
147.689
148.534
151.066
148.365
145.958
150.839
149.495
148.72
147.089
145.299
145.317
151.598
146.65
145.349
145.255
147.602
145.356
149.494
151.377
146.674
145.726
152.178
146.752
153.69
149.375
146.323
150.146
147.369
151.529
152.119
156.433
149.452
147.757
151.26
152.051
148.815
154.996
149.719
145.193
143.828
144.01
144.013
147.716
148.067
149.998
155.571
143.784
153.15
149.337
157.805
150.653
147.25
143.472
147.646
150.581
150.042
153.538
147.786
151.997
149.518
149.66
155.036
146.272
148.767
144.96
152.054
149.789
147.765
143.251
145.78
148.845
147.576
149.029
146.272
149.553
147.503
149.579
150.445
145.676
151.069
148.332
145.531
149.785
146.4
151.071
142.403
151.088
150.19
143.986
146.036
148.21
148.458
145.879
143.503
145.403
148.597
151.075
153.068
146.881
146.314
144.989
150.58
153.665
153.772
148.96
151.778
148.93
148.005
151.137
151.877
142.618
147.347
151.464
147.065
143.294
151.248
151.866
149.92
144.55
148.888
145.533
148.853
147.66
143.518
149.515
153.927
147.76
142.527
153.515
153.169
155.234
148.622
151.913
142.758
140.018
148.388
154.465
154.736
150.028
140.77
153.884
152.916
151.733
147.515
155.324
147.962
150.843
145.454
145.454
152.494
150.882
151.472
143.843
149.091
143.73
156.477
153.318
151.57
147.891
144.457
145.098
152.428
155.324
149.412
148.293
148.735
149.561
143.626
153.202
147.16
150.845
148.853
148.665
141.596
139.837
151.949
144.885
153.662
147.075
153.665
143.407
155.237
150.629
147.43
151.88
149.164
147.272
148.331
150.366
147.643
148.814
145.571
147.156
149.081
146.196
142.609
144.143
151.934
144.129
148.232
140.305
146.228
152.486
146.284
149.673
150.001
155.708
145.914
146.128
154.21
146.743
150.444
145.336
142.886
150.435
145.876
144.768
149.483
151.571
152.043
151.481
150.45
138.265
154.111
147.013
151.74
147.087
149.097
149.229
150.275
147.253
153.457
150.832
149.545
144.621
152.612
143.749
147.395
147.961
149.936
147.708
150.631
150.119
148.383
153.081
151.882
149.886
149.555
145.556
151.784
152.371
153.498
154.861
142.767
149.196
143.36
149.886
147.822
154.751
150.89
153.475
149.57
149.223
148.123
151.229
150.528
145.078
146.281
149.984
151.419
153.473
156.939
152.222
151.641
141.056
151.919
150.972
148.434
145.738
147.885
149.088
145.166
150.278
157.383
149.722
146.799
142.431
145.066
146.222
154.401
153.629
145.891
145.157
149.436
152.772
149.363
155.515
143.993
149.679
157.242
145.156
148.441
150.172
146.889
147.631
146.342
145.213
151.748
141.987
152.148
156.329
148.539
149.951
147.053
147.815
143.827
147.767
152.049
144.867
144.98
147.086
151.585
144.418
146.412
153.223
150.232
148.903
148.425
152.337
153.753
150.463
145.208
146.16
147.129
143.597
150.177
147.172
149.543
152.948
149.812
155.571
142.194
149.381
144.955
149.242
149.701
147.336
143.609
150.666
146.185
146.218
143.645
149.093
157.277
151.92
151.265
142.796
145.228
142.543
149.695
155.524
142.972
146.194
150.324
147.345
151.475
151.379
152.686
144.461
148.949
151.471
144.728
151.416
145.977
153.296
149.171
145.567
150.666
144.579
150.033
146.254
146.698
149.335
153.445
145.524
143.282
150.597
152.514
148.706
147.212
149.783
157.001
147.568
145.926
147.725
148.811
144.264
152.809
154.307
152.274
144.786
142.834
148.433
152.89
138.573
147.039
146.895
150.457
148.941
149.532
148.113
145.425
148.666
141.308
150.628
151.631
144.087
148.902
151.855
149.177
145.021
148.382
150.832
147.137
156.739
146.352
155.585
146.851
150.94
152.183
154.728
148.77
151.109
146.877
157.383
147.905
143.258
153.305
150.429
151.515
148.155
145.3
151.235
148.83
148.891
148.446
148.841
154.393
153.417
149.117
145.241
155.963
145.639
145.975
147.99
148.477
148.41
145.369
146.277
148.778
146.562
143.144
145.648
147.821
147.937
149.982
142.366
147.814
152.166
148.449
148.375
150.439
152.199
151.87
142.43
153.956
148.728
149.831
148.656
150.387
142.94
145.935
152.791
149.755
144.146
148.715
152.844
149.101
152.114
150.461
152.435
150.063
142.11
153.952
147.359
154.473
147.419
151.583
143.119
151.167
153.507
146.584
157.749
142.812
155.812
147.597
153.218
147.505
149.465
148.938
144.765
149.818
148.177
152.021
152.255
150.503
143.008
154.633
146.768
150.508
152.685
145.326
153.129
149.256
147.985
148.53
141.555
145.315
140.888
146.271
148.686
148.544
147.683
148.57
147.707
150.411
143.539
151.539
150.999
145.327
150.373
149.477
153.728
143.59
143.416
151.573
155.009
145.651
149.165
149.228
151.553
142.583
141.472
151.936
143.084
152.849
148.897
147.196
142.198
150.816
155.757
148.882
143.508
146.771
150.779
143.787
148.617
151.458
147.109
146.239
151.968
153.473
145.488
147.72
145.845
150.054
146.448
150.28
149.358
150.794
147.274
154.639
145.356
143.808
150.415
151.638
147.304
147.778
154.538
147.067
150.074
152.574
144.363
148.297
150.626
153.68
146.526
143.947
146.237
153.923
152.138
149.143
152.042
146.382
148.738
144.975
145.71
155.608
149.626
151.505
147.073
149.036
148.049
150.597
146.304
148.575
148.466
146.465
151.766
150.826
146.544
146.835
149.541
150.695
145.586
149.512
149.486
149.92
150.928
154.611
149.669
150.047
149.262
152.525
145.256
143.77
147.692
150.526
147.754
149.687
143.145
149.918
148.795
147.967
149.302
148.607
149.459
148.05
152.162
144.595
147.804
149.055
149.308
156.14
151.394
144.216
146.523
145.489
144.223
149.25
149.298
156.183
152.152
147.367
141.592
146.88
144.124
154.595
147.282
153.641
155.167
145.936
145.796
152.442
153.707
149.43
152.748
148.949
146.241
151.428
149.536
148.886
146.909
144.314
149.419
152.323
148.417
145.843
151.158
148.863
150.006
153.124
152.687
152.725
150.106
144.306
156.456
148.176
150.197
152.028
153.737
152.476
146.935
153.989
152.742
145.302
151.173
153.698
144.472
146.581
144.75
144.188
146.437
153.524
146.59
144.659
148.646
149.546
147.815
150.155
139.317
147.465
147.603
149.06
145.367
146.582
151.755
149.952
144.608
149.026
149.887
148.307
138.832
147.159
147.126
148.543
152.317
144.449
146.985
145.846
147.708
148.847
149.302
154.1
148.218
158.784
147.042
147.124
147.743
148.715
151.478
152.298
144.52
148.568
152.751
150.423
150.786
148.973
146.172
151.74
159.211
148.885
149.9
146.971
151.651
146.866
144.56
153.655
150.058
140.58
147.773
155.556
150.979
149.753
146.76
152.432
141.559
140.687
145.955
144.862
142.751
147.04
148.847
151.501
156.303
154.333
152.658
150.359
151.365
151.118
147.948
151.142
146.064
149.962
145.221
146.996
152.337
143.252
151.427
145.28
155.183
146.14
143.906
146.665
142.082
153.966
159.652
150.453
149.908
150.142
146.32
149.503
156.094
146.191
152.395
148.69
153.624
146.613
151.376
141.747
150.192
147.875
153.866
143.161
148.276
140.515
143.582
154.657
151.707
142.054
151.557
143.588
144.019
146.502
157.765
147.642
151.004
144.931
148.556
150.068
146.931
150.939
149.048
147.43
152.664
145.875
147.401
143.478
141.097
150.412
149.335
148.685
153.302
148.817
148.291
149.701
151.419
156.085
148.48
143.398
153.85
154.511
150.697
148.86
153.825
149.211
154.376
148.218
151.492
148.71
145.191
149.202
145.328
153.036
151.748
149.115
146.491
156.46
149.589
150.098
147.381
147.098
147.17
145.212
142.312
141.434
149.915
148.879
145.915
147.707
148.146
148.362
147.146
145.444
146.108
146.81
149.932
149.265
154.207
152.286
147.66
154.382
150.938
149.193
150.615
149.282
148.498
147.561
151.878
148.237
146.081
145.584
150.206
152.314
144.093
151.63
148.541
151.946
146.812
149.262
153.73
146.248
148.585
153.863
150.868
139.219
151.063
151.716
149.403
148.518
153.318
151.991
140.049
149.209
149.002
144.481
146.64
152.994
144.581
145.864
149.37
156.951
148.965
139.318
149.079
153.373
148.554
145.826
149.276
145.232
146.817
151.959
151.591
147.64
144.642
143.248
150.328
150.887
144.22
148.395
150.767
151.597
142.68
158.442
151.551
140.945
143.728
148.688
143.622
143.781
151.497
153.383
149.478
148.761
147.136
150.076
148.13
150.315
150.564
146.305
147.054
147.95
149.149
146.003
156.31
160.383
154.827
147.515
146.195
153.704
147.85
144.969
148.664
143.872
155.187
151.011
145.938
149.337
151.09
145.084
149.501
150.054
144.555
152.927
145.574
150.85
151.102
146.872
154.817
151.379
145.42
141.065
153.721
149.257
146.77
144.08
149.784
150.194
151.463
149.822
152.054
147.523
146.933
151.733
148.154
147.365
146.5
145.055
151.284
144.783
143.725
150.94
145.307
146.689
148.147
152.371
149.156
143.615
151.227
148.684
150.053
150.261
145.89
153.554
148.147
145.314
153.503
148.593
149.858
148.872
152.554
146.903
146.409
149.019
150.927
149.797
142.678
156.576
152.646
144.657
144.546
156.025
149.314
145.681
147.406
155.696
153.031
143.155
159.202
146.501
151.093
149.201
148.028
154.078
148.329
148.871
150.949
150.213
153.87
147.099
154.205
148.871
150.862
147.163
151.837
146.133
149.39
151.132
159.037
147.306
145.39
154.024
155.186
155.385
151.329
148.396
146.025
151.489
149.575
151.602
146.524
157.109
148.506
153.638
150.931
144.396
148.008
152.926
152.135
154.54
153.66
146.452
150.921
147.353
145.112
153.148
150.858
146.724
144.105
144.369
143.768
143.224
145.518
148.172
145.582
145.006
151.792
151.298
147.307
141.18
148.307
151.454
149.131
148.315
148.638
150.064
146.828
154.355
152.57
153.21
153.54
151.21
153.038
149.364
144.754
144.67
151.144
146.938
155.243
152.931
146.567
147.98
151.235
146.984
146.686
150.656
148.685
150.269
150.395
144.174
148.519
146.916
148.927
148.924
145.386
146.34
140.9
142.052
149.154
144.591
149.815
146.7
150.789
148.023
146.129
151.819
147.81
149.949
145.512
151.189
149.466
148.775
153.46
152.049
150.133
142.47
151.529
143.906
145.78
143.127
144.042
147.285
143.011
145.402
147.011
150.571
146.611
145.889
150.345
149.691
148.491
147.19
154.407
150.683
146.4
147.718
145.348
146.138
140.214
147.831
147.633
150.143
146.698
149.092
146.555
153.947
152.588
151.446
141.005
144.714
150.011
147.893
151.174
148.661
147.564
154.964
146.417
150.176
146.395
148.444
147.731
149.892
154.555
145.835
149.047
153.474
150.749
152.54
144.328
149.481
156.917
155.79
149.32
146.872
148.652
150.421
152.521
147.819
145.987
147.89
153.624
151.887
151.944
150.184
157.816
156.593
152.189
147.183
155.349
154.157
149.086
154.104
152.323
151.113
144.051
150.271
143.553
154.58
155.903
157.723
148.576
147.519
147.994
150.568
155.437
146.266
149.604
153.681
145.981
154.286
146.045
151.869
152.831
147.193
144.189
150.203
150.157
149.646
142.98
148.505
149.206
146.408
146.939
146.109
147.204
154.239
145.415
145.601
154.63
154.331
146.353
145.418
148.326
147.92
152.683
147.444
146.386
148.498
147.435
139.998
151.308
144.939
141.929
156.883
146.628
145.348
143.81
150.486
150.796
146.855
146.165
152.822
157.897
153.528
151.332
150.66
148.13
153.641
152.898
145.02
149.748
145.913
144.87
150.364
148.735
146.018
151.419
146.525
152.37
147.035
147.069
153.168
144.861
150.065
142.364
156.343
142.812
149.286
145.827
150.013
143.602
145.196
147.769
148.542
153.876
147.069
147.9
152.048
146.642
152.801
145.571
155.439
144.224
148.74
154.161
144.342
152.206
148.421
153.268
149.527
150.504
150.33
154.279
154.076
148.784
152.29
147.484
153.336
148.277
145.193
145.848
144.112
146.403
147.754
143.935
156.424
149.586
145.209
151.666
155.094
143.487
143.684
146.024
146.802
148.389
148.13
153.067
152.676
150.977
149.41
144.512
154.901
148.72
147.941
143.882
148.731
146.261
148.398
148.947
143.788
150.635
154.305
150.602
146.271
147.94
148.944
147.606
138.677
147.115
153.059
145.483
148.825
146.956
147.528
149.307
143.832
146.184
153.117
145.552
149.28
145.413
149.424
150.471
154.461
148.44
148.497
151.416
157.001
151.015
150.205
147.302
149.86
153.202
147.869
146.778
151.218
149.762
151.977
146.956
145.553
150.664
150.472
148.375
148.809
148.91
146.403
148.356
148.934
161.566
141.671
143.502
147.621
154.68
151.12
150.33
156.347
148.19
148.486
150.155
148.575
144.701
154.98
149.318
153.848
147.442
142.578
148.621
148.933
143.928
153.194
147.703
153.917
152.815
148.149
142.67
151.72
150.809
152.949
148.412
141.127
141.56
149.9
157.61
151.787
143.896
149.891
149.709
147.178
154.402
155.545
148.857
146.071
152.121
150.328
153.542
152.475
144.365
151.943
147.989
148.29
155.385
151.041
148.629
152.345
149.062
149.116
150.628
147.537
149.676
156.067
144.468
155.183
152.092
146.519
145.799
147.42
151.706
154.191
144.613
156.196
149.282
146.04
145.614
149.128
145.234
145.19
150.631
148.198
146.09
146.275
148.776
153.098
142.53
144.886
145.318
146.197
153.971
148.626
154.182
151.632
142.289
147.368
141.298
153.868
151.524
146.635
151.136
150.651
146.786
148.118
149.688
150.312
151.328
150.648
145.93
150.34
142.928
145.561
153.193
156.483
148.241
151.188
150.324
144.126
151.17
144.091
157.925
149.208
150.425
146.939
150.089
148.125
148.99
146.433
146.148
155.105
150.935
148.034
148.789
149.693
151.013
145.533
149.415
151.527
145.809
147.702
144.837
151.248
147.886
151.833
147.451
146.864
152.328
152.909
154.818
144.894
151.617
147.148
152.376
149.054
146.977
151.522
146.973
149.039
151.273
146.718
144.973
144.782
153.066
145.324
150.584
156.082
147.825
149.852
145.846
149.29
144.908
147.069
146.411
144.093
153.43
144.27
151.354
149.682
146.742
152.077
148.078
143.509
145.145
149.598
152.966
145.103
150.203
148.249
147.454
147.12
152.551
147.957
151.003
149.546
151.382
146.395
142.088
155.193
146.648
148.622
146.975
154.036
150.18
143.204
148.043
146.579
154.932
145.419
152.684
146.247
149.018
147.97
145.548
145.461
145.71
155.232
150.412
147.832
152.054
153.761
146.451
149.669
153.355
150.792
150.895
150.755
145.388
146.848
144.841
151.383
144.302
146.399
149.519
145.446
153.448
147.084
154.126
154.166
144.195
148.37
150.385
142.947
147.388
145.607
146.752
149.314
143.747
145.127
150.006
147.755
151.051
146.251
152.443
148.982
146.611
148.675
146.535
147.569
151.237
152.348
144.674
153.108
147.584
143.949
147.073
145.972
151.826
143.193
147.844
148.948
150.825
143.654
153.042
147.362
146.502
145.983
149.556
146.812
150.428
149.612
150.155
153.35
140.177
154.707
151.786
150.875
150.682
149.67
151.507
145.391
152.471
150.637
147.888
151.398
148.062
151.269
156.261
148.225
151.432
145.63
150.417
148.729
148.241
148.923
148.369
145.108
147.961
154.207
150.582
153.694
145.403
154.323
143.349
144.82
146.411
146.485
149.232
145.838
143.812
151.04
153.32
147.523
147.144
153.075
146.682
149.069
147.075
144.571
148.215
153.038
145.956
151.23
149.957
147.995
146.591
152.27
144.251
150.057
148.031
153.643
142.833
150.519
150.513
145.205
152.257
154.17
153.088
146.334
152.938
158.344
149.573
144.817
149.027
149.219
147.685
147.164
151.383
151.464
150.935
150.511
147.099
150.699
147.355
152.36
152.621
149.158
147.088
145.84
149.655
146.301
148.893
147.008
138.138
143.627
148.764
150.246
147.021
151.789
150.68
143.179
147.17
156.787
148.477
145.891
151.668
145.673
148.158
146.24
148.673
150.439
145.492
148.43
149.721
153.306
147.286
150.199
145.47
150.652
150.634
145.591
149.591
144.95
157.663
146.534
149.148
154.147
150.489
151.775
144.367
147.578
143.728
151.877
146.674
147.423
150.236
147.707
148.69
149.175
139.785
149.222
152.014
148.032
147.604
148.104
146.051
151.098
148.375
149.853
152.224
151.106
147.844
144.173
146.73
142.372
145.743
152.483
148.312
153.375
144.225
154.929
151.027
143.795
149.733
148.329
145.987
151.822
141.665
147.697
143.056
142.665
146.012
151.381
149.764
143.313
147.876
154.168
145.705
156.899
146.795
154.943
152.217
145.339
146.221
151.97
144.366
152.268
150.652
149.181
152.706
145.474
153.739
146.01
143.275
150.237
145.418
153.97
150.549
145.926
157.064
144.788
146.182
147.497
150.557
147.622
152.745
144.191
146.117
148.463
151.426
146.455
153.856
151.769
148.857
153.598
146.349
149.504
142.735
149.335
148.733
147.904
149.059
147.374
144.695
144.532
152.049
150.231
157.346
148.004
152.865
142.483
149.027
145.442
144.853
144.28
150.336
150.929
155.438
143.41
145.756
150.129
147.518
146.69
147.317
154.181
150.189
148.494
153.188
146.965
145.824
154.039
151.183
147.869
147.462
147.584
150.275
149.682
143.637
138.664
147.87
146.209
148.033
151.061
145.284
150.511
138.622
144.804
147.24
142.832
145.924
146.81
155.57
145.326
148.501
149.903
145.03
151.022
150.12
148.517
146.214
149.485
150.174
146.497
144.307
149.887
155.088
141.654
145.457
140.458
147.854
149.948
150.532
150.086
146.871
155.991
148.897
154.636
146.057
149.868
147.58
148.204
152.713
143.823
144.402
149.351
154.39
141.488
146.729
157.289
141.326
149.952
151.146
146.327
148.877
150.959
148.574
146.801
154.158
151.092
152.43
152.959
152.409
148.043
150.247
144.381
145.462
148.729
149.402
155.357
144.239
146.658
147.998
148.891
151.538
145.279
150.359
148.44
152.992
146.618
145.651
153.626
153.576
144.943
147.071
148.51
151.549
145.968
147.012
145.494
152.829
147.726
146.367
148.145
152.943
152.256
147.337
143.777
145.533
144.698
153.526
147.646
150.291
152.654
145.402
147.667
154.177
145.859
148.236
143.281
149.303
145.244
155.352
145.856
151.567
147.619
145.384
153.479
147.967
149.294
151.541
151.333
144.879
145.018
145.368
151.336
153.091
145.783
150.104
150.597
148.706
145.206
151.794
154.892
152.471
148.972
146.997
148.754
154.136
147.779
152.235
146.931
149.459
145.364
148.631
149.018
150.42
146.207
151.336
151.462
143.826
149.055
146.713
147.607
151.236
149.391
151.28
142.369
144.187
155.379
150.087
147.886
151.733
148.667
148.851
151.411
149.195
153.548
149.821
152.147
154.31
150.602
154.188
154.196
148.642
151.866
151.377
149.758
145.151
146.692
147.346
150.446
151.186
155.471
144.036
144.604
149.44
151.294
145.408
149.477
151.592
148.398
145.493
154.038
145.379
147.286
145.253
144.959
146.71
149.009
148.285
151.429
152.911
147.775
147.443
151.795
147.378
146.872
161.705
152.904
145.287
149.254
155.691
154.429
146.346
144.693
151.151
142.598
148.036
152.265
148.6
144.556
153.999
145.253
146.345
152.204
143.365
149.688
144.497
158.983
148.363
146.228
152.371
144.684
151.956
154.688
149.155
144.463
152.981
145.375
149.491
148.518
149.469
153.712
148.526
150.976
148.404
150.638
149.215
146.638
149.411
143.764
147.231
151.604
149.115
144.44
149.237
149.053
147.751
151.723
149.323
151.271
151.942
150.88
145.009
154.511
146.349
148.683
152.165
147.609
150.302
155.738
151.896
156.441
147.46
147.646
146.445
147.314
151.728
143.43
149.322
148.829
154.236
148.024
148.004
147.523
150.365
145.377
147.528
149.309
150.245
151.155
148.811
142.756
146.911
139.63
148.656
144.964
151.31
148.144
148.009
144.426
147.528
146.515
142.791
149.086
152.228
143.778
148.87
146.634
153.216
149.159
148.511
148.28
146.45
150.111
149.52
144.882
149.156
148.899
149.426
144.375
153.956
152.027
153.126
151.978
147.608
146.292
148.043
143.54
149.771
148.349
147.626
151.964
151.231
152.414
146.419
155.587
148.721
149.113
147.716
151.177
139.83
150.974
153.104
150.427
148.384
144.459
148.441
151.442
151.136
153.049
150.893
151.173
144.761
141.82
149.442
147.387
150.162
145.606
148.655
148.598
144.527
147.142
151.362
148.249
147.104
152.436
150.593
148.272
148.109
157.37
148.06
149.779
150.183
147.625
148.791
150.871
153.179
146.625
148.704
145.076
146.457
147.687
148.616
145.965
145.18
151.566
154.368
149.681
145.282
150.692
146.501
147.526
149.732
147.742
151.633
146.566
147.671
146.941
150.017
150.459
150.892
148.166
154.904
147.866
156.016
155.085
142.165
147.805
150.446
149.732
150.883
154.391
152.681
141.65
154.178
146.366
148.512
142.814
148.23
152.589
147.071
153.503
155.261
147.919
150.81
147.674
154.331
147.057
152.829
147.569
147.851
142.897
149.128
154.249
150.77
144.079
148.378
148.056
151.784
152.812
148.01
146.351
147.509
147.69
142.105
148.509
147.094
146.53
145.51
148.608
149.579
152.494
152.476
148.698
145.543
149.991
154.591
146.734
151.71
152.155
145.478
152.573
153.224
153.757
143.952
149.982
145.703
147.299
151.42
149.913
155.3
148.528
147.843
145.493
146.445
148.538
151.944
150.116
148.056
145.865
153.254
147.453
146.927
149.138
151.23
143.896
150.326
150.731
151.404
148.284
152.165
147.266
150.205
154.489
148.834
150.76
144.203
147.34
151.324
149.251
150.226
143.39
148.771
150.633
145.665
147.196
146.548
151.125
150.505
148.278
148.733
146.215
145.315
151.467
145.37
151.034
145.339
150.397
148.478
146.606
149.121
155.166
151.32
146.653
143.253
154.507
150.848
154.564
149.755
150.884
151.076
147.972
149.547
147.575
147.015
153.057
153.336
147.37
143.972
144.105
149.497
148.968
149.14
146.849
156.297
151.145
146.916
143.658
142.003
147.408
150.628
144.106
147.341
152.273
148.408
155.38
149.468
145.537
144.828
147.505
147.808
147.526
152.942
149.595
147.365
146.819
149.222
147.579
146.419
152.768
147.231
143.526
152.154
148.817
153.177
151.394
147.483
145.537
150.694
149.024
144.018
156.413
148.546
154.555
147.932
146.655
147.096
154.525
154.673
140.942
151.294
154.066
147.663
145.356
157.82
147.87
152.829
148.756
148.96
145.417
151.066
152.323
152.353
150.46
146.504
141.859
153.302
149.235
144.059
150.201
143.999
152.033
142.584
152.443
153.64
151.14
140.727
147.831
153.29
146.792
151.503
149.477
152.192
146.971
154.972
144.465
148.008
148.941
152.704
150.495
145.74
148.258
144.712
150.731
147.043
143.182
142.863
147.398
143.522
143.795
150.768
146.982
151.49
145.949
147.531
155.359
146.18
146.191
147.053
150.375
150.998
154.659
150.065
149.404
146.245
150.3
148.977
147.39
145.25
143.956
147.467
144.553
143.989
152.222
144.502
143.364
152.042
143.79
152.297
151.897
147.369
148.423
150.786
146.014
144.769
150.081
150.906
148.049
146.338
145.325
146.128
147.251
151.185
148.327
154.509
146.485
152.353
155.416
143.336
148.024
145.551
152.583
145.037
147.896
138.312
146.685
144.778
152.308
143.62
145.665
149.696
149.781
149.083
150.358
153.914
150.571
146.524
148.889
147.444
148.258
154.613
146.608
147.668
148.043
148.203
151.753
148.484
151.99
144.959
148.341
147.473
152.81
147.088
156.067
149.775
150.2
141.713
143.919
158.144
150.676
148.403
148.962
150.903
152.409
148.951
143.456
153.784
149.747
150.223
149.029
151.742
142.834
147.341
148.989
147.247
152.465
146.96
150.919
144.201
147.577
146.383
147.131
147.405
151.404
146.001
148.142
145.807
147.938
151.241
152.071
147.5
147.513
154.877
142.173
145.667
149.029
150.878
150.284
142.792
150.154
146.827
148.959
148.989
149.858
149.183
151.472
150.424
145.688
156.681
154.454
150.003
145.076
146.232
146.507
154.298
155.282
146.686
157.107
149.967
150.585
150.891
153.614
153.474
148.668
149.66
149.987
143.928
154.086
148.11
142.443
146.038
145.988
152.916
147.754
142.826
148.663
156.342
146.533
144.601
154.118
143.301
156.778
159.807
152.39
149.316
141.623
155.014
143.312
145.002
144.748
154.688
144.949
150.771
145.074
154.264
149.068
151.269
148.326
145.913
147.261
145.919
150.471
149.82
145.289
152.769
142.235
144.677
148.419
149.975
146.711
146.58
154.0
148.668
144.47
148.995
149.915
149.543
152.92
148.545
145.129
157.913
147.462
145.564
143.916
146.965
145.069
146.02
144.153
150.888
152.954
147.354
142.245
146.132
149.031
148.574
149.724
150.238
155.088
146.857
143.876
149.034
152.018
153.204
149.087
150.445
145.85
148.173
148.162
144.802
151.139
155.922
153.771
151.059
145.753
151.274
160.877
151.04
145.717
145.248
140.489
150.891
146.372
150.666
148.319
146.282
153.19
145.671
153.223
144.017
151.534
147.911
154.543
148.283
152.138
146.57
146.258
148.777
148.862
147.465
146.225
153.774
148.457
146.364
148.386
148.496
146.975
155.911
156.258
151.848
150.12
153.304
144.804
152.242
146.134
158.637
151.561
148.239
154.799
143.074
142.23
153.47
148.3
148.208
147.611
146.266
146.643
146.884
150.952
153.358
150.664
145.152
147.461
151.432
149.748
148.593
149.393
151.899
152.939
153.05
143.655
149.689
158.471
144.582
152.21
147.071
153.291
149.906
155.731
147.915
147.545
155.295
152.817
149.142
154.158
154.598
144.709
145.301
145.413
147.912
148.248
150.209
149.698
150.881
146.923
150.938
145.788
149.749
151.703
148.992
149.33
145.784
139.414
148.783
145.146
151.196
157.315
140.76
140.476
145.827
143.183
146.717
145.878
144.651
149.369
148.509
140.07
142.474
144.303
150.276
143.483
153.435
149.694
148.809
150.987
148.516
146.258
144.878
144.191
147.706
153.719
149.426
149.885
151.053
151.48
147.478
147.547
151.519
148.153
150.328
151.865
146.831
145.118
145.152
153.853
146.743
150.43
147.619
142.043
149.7
148.769
142.895
156.439
152.86
148.967
151.6
151.451
141.9
144.697
142.455
148.106
144.783
152.279
154.472
144.653
145.913
143.811
147.765
140.322
146.72
154.173
152.057
153.55
146.031
149.691
147.619
148.912
144.714
148.363
153.092
148.785
150.652
141.797
145.929
145.691
146.41
157.164
154.947
149.013
151.336
147.884
146.226
156.017
150.4
153.572
153.431
151.077
147.822
154.515
146.589
150.944
145.199
152.082
153.79
146.981
148.284
143.177
150.111
145.646
149.28
147.853
150.632
151.31
147.946
144.452
150.85
145.764
148.236
154.641
148.251
152.116
150.606
152.627
151.391
156.728
148.039
153.623
149.104
153.008
147.937
149.756
146.862
148.257
155.942
145.811
150.285
154.608
140.825
149.175
148.761
145.762
151.162
147.339
144.154
139.701
146.923
153.328
149.25
150.011
145.798
149.486
151.866
147.779
150.182
150.336
142.455
152.189
147.241
145.473
146.282
148.416
150.768
148.103
146.416
150.205
145.819
154.62
146.428
149.75
146.653
148.217
152.694
147.963
149.454
147.349
148.25
141.335
146.638
141.934
147.63
148.959
148.829
141.241
149.397
146.499
152.109
149.781
146.792
152.98
150.172
147.204
147.022
153.085
144.76
146.387
145.98
146.478
150.521
146.701
148.549
155.2
148.774
146.636
154.415
151.156
151.872
145.186
148.885
144.566
149.748
150.924
148.565
149.003
143.991
144.039
146.582
146.768
147.869
152.396
148.539
149.906
153.318
144.96
148.818
149.932
149.642
156.199
150.777
153.002
150.66
149.785
146.931
156.045
151.536
152.433
149.424
148.167
152.455
152.481
153.822
150.138
143.96
151.328
144.693
147.49
149.857
151.845
145.168
142.391
147.078
151.451
148.481
147.983
151.804
147.068
152.397
150.216
146.402
146.786
148.333
151.451
151.807
148.228
151.748
143.298
149.543
147.738
149.37
150.277
147.612
153.918
147.137
151.358
147.688
154.171
149.702
147.629
148.296
147.782
148.621
147.547
146.147
152.294
147.738
152.221
151.592
145.414
148.867
140.712
151.619
147.709
152.595
151.514
144.202
149.46
150.308
152.861
151.461
152.923
150.5
147.511
154.231
148.52
150.584
150.996
150.269
152.874
146.556
144.561
147.161
152.224
151.686
145.777
153.567
153.682
149.089
139.852
146.481
149.142
151.718
145.741
142.184
150.366
154.261
156.921
149.616
152.638
161.93
155.269
152.527
144.885
151.232
145.767
147.004
143.78
156.865
150.51
151.096
148.158
146.593
151.184
155.226
149.562
154.366
147.681
149.96
150.527
154.091
149.607
143.92
151.134
153.74
147.167
147.174
143.241
148.303
143.934
143.383
146.806
148.424
145.615
147.678
151.373
147.113
150.263
153.986
148.173
149.54
146.21
148.067
146.374
147.88
151.408
149.898
147.659
144.102
151.995
155.862
152.474
148.961
150.996
147.606
149.996
149.525
153.979
148.272
148.896
144.032
146.128
152.362
149.102
154.766
151.46
150.958
140.957
147.867
149.02
143.284
151.311
150.705
156.207
143.698
147.637
154.37
151.542
147.204
148.185
148.864
151.193
150.888
151.737
144.397
153.135
151.627
145.543
150.977
151.745
150.445
150.296
151.69
144.393
148.572
151.484
152.346
149.773
149.69
146.147
141.72
151.681
145.238
145.009
152.895
144.995
145.075
147.173
148.725
144.669
147.419
151.705
140.247
151.934
145.791
146.896
142.032
149.38
148.912
149.521
148.126
145.823
145.115
151.225
148.296
144.215
145.169
141.691
147.829
147.033
143.676
147.367
151.713
147.145
149.78
145.82
152.569
147.605
148.449
146.382
158.233
152.054
154.275
150.922
149.238
148.897
145.681
147.841
152.249
153.568
151.577
147.81
150.718
146.212
144.887
149.239
152.284
148.914
160.644
147.173
149.157
142.564
149.479
146.926
146.175
146.383
145.702
146.754
151.919
152.031
148.622
157.721
143.865
153.375
142.423
153.446
148.977
153.137
147.74
143.656
150.404
151.177
147.2
152.692
147.917
146.875
143.923
145.498
146.768
151.393
144.225
147.398
146.941
146.808
150.567
151.116
152.697
153.867
149.897
142.941
155.94
150.811
142.716
152.835
146.421
145.616
149.37
146.093
147.55
151.706
143.193
147.883
145.633
146.943
139.857
148.051
147.599
142.99
151.573
146.524
147.906
152.872
148.554
146.355
148.746
145.667
156.685
152.14
145.661
147.038
145.379
152.897
143.117
148.805
146.553
145.739
150.099
139.938
148.279
150.553
143.307
148.613
146.466
144.098
154.323
146.658
150.462
150.264
147.291
149.322
150.637
150.663
149.928
152.215
147.299
146.824
143.644
153.554
145.116
153.463
151.361
149.966
148.414
149.917
148.808
144.925
149.477
155.174
148.949
152.488
155.876
150.201
150.413
146.822
152.969
154.801
150.073
150.991
148.477
147.956
151.619
154.16
140.266
150.742
145.535
148.371
149.206
144.716
147.544
150.729
146.866
154.34
148.223
151.814
146.216
143.654
150.824
153.849
145.348
152.04
151.036
144.241
149.928
143.908
148.836
154.824
155.855
149.751
144.957
153.412
148.177
151.233
151.641
143.14
147.446
147.454
145.93
148.702
151.814
151.575
147.343
149.421
149.803
152.11
149.062
154.358
155.106
149.6
150.597
150.145
145.167
146.073
149.526
150.573
147.308
147.495
151.266
148.905
148.106
146.548
141.834
152.398
153.431
143.336
149.567
153.687
141.394
141.157
148.172
150.8
149.951
155.316
148.777
154.357
147.977
146.924
150.354
148.203
146.646
151.837
147.338
146.412
151.022
148.345
147.199
148.6
155.419
146.907
148.31
148.316
152.09
145.664
145.419
149.128
149.933
151.349
148.667
145.773
146.215
148.377
144.735
149.709
149.271
151.531
149.742
143.24
149.91
149.317
152.777
150.257
148.583
150.984
150.517
153.666
146.89
147.731
153.584
149.069
147.982
147.467
150.626
138.861
144.677
146.649
150.25
146.208
148.613
141.117
139.5
146.629
144.181
147.604
147.339
143.128
151.627
143.379
152.227
141.977
150.036
146.664
144.083
145.777
148.042
150.371
154.075
146.263
143.875
151.626
151.134
144.858
148.384
144.48
144.564
144.809
148.4
155.656
149.125
143.806
147.925
142.526
145.908
148.405
155.987
153.347
144.912
148.156
144.691
147.055
149.532
146.3
144.086
145.12
145.967
148.292
153.086
147.069
143.885
144.413
147.001
150.643
147.547
149.788
146.445
145.342
150.165
150.436
147.558
147.551
145.358
153.981
145.743
148.871
142.005
151.406
148.754
146.003
145.631
146.31
150.002
149.417
150.155
144.649
149.089
146.775
149.63
155.618
150.539
147.642
148.4
151.799
150.395
156.849
150.931
148.787
148.369
148.456
151.522
148.44
149.924
149.18
150.763
147.909
148.452
147.849
153.768
148.049
146.261
153.309
146.19
148.795
152.591
141.861
151.164
145.981
152.836
140.599
151.65
148.525
147.007
149.813
145.505
151.621
156.184
146.683
145.227
148.392
151.364
148.65
149.287
155.028
150.914
152.875
149.532
146.495
153.683
154.763
149.74
155.932
151.971
150.638
145.836
148.418
148.417
150.126
155.543
148.962
145.642
146.498
143.12
149.823
142.052
144.51
149.144
150.897
149.149
153.051
148.586
148.954
154.865
148.477
148.359
150.153
148.703
149.789
144.681
146.729
154.272
152.426
153.886
151.197
154.075
150.849
151.078
147.925
146.476
150.582
150.445
150.59
145.6
146.883
148.326
147.003
153.211
145.924
152.022
155.21
148.662
147.009
142.637
140.427
153.207
145.165
151.92
150.574
148.017
152.696
144.928
148.419
147.749
157.247
142.79
148.907
152.45
149.579
147.927
157.482
146.027
148.386
145.686
149.425
148.736
149.339
155.716
144.346
148.826
145.374
149.818
144.578
147.681
150.686
149.764
149.821
147.352
147.908
141.245
147.692
153.63
152.723
148.285
150.278
148.336
152.913
151.756
156.557
146.746
145.731
141.75
151.129
157.581
143.791
146.951
143.743
151.676
154.645
151.255
148.363
149.348
143.662
151.018
144.602
151.997
153.117
151.609
147.326
147.167
153.206
146.139
148.376
154.349
151.179
146.303
152.893
143.421
146.898
147.866
153.592
149.175
148.541
150.333
147.285
153.944
153.814
150.527
152.42
146.945
150.086
145.602
144.887
153.606
149.954
152.988
150.503
148.505
149.481
147.781
147.981
149.803
145.042
153.113
145.016
149.504
154.449
144.536
152.692
150.945
151.515
146.592
147.421
150.551
158.321
146.704
149.538
151.202
151.998
144.842
150.802
146.73
152.86
148.818
148.802
152.911
146.783
149.866
143.145
150.425
147.119
152.848
151.572
148.696
155.533
146.955
148.991
152.908
151.244
139.793
148.196
154.444
145.212
148.731
149.045
145.205
152.259
142.595
150.567
147.214
152.097
156.371
146.407
147.837
149.447
154.793
151.074
145.767
144.459
147.961
154.549
153.07
147.42
151.004
147.01
145.565
145.576
148.798
148.9
153.889
145.996
150.844
154.319
153.811
149.614
142.277
151.384
157.429
149.514
155.928
155.285
142.002
154.033
143.7
143.484
148.848
152.856
147.938
149.064
155.042
150.683
149.716
146.706
147.742
142.451
141.09
142.697
150.917
150.181
149.706
148.464
150.004
148.674
147.966
152.182
148.338
148.775
157.08
149.05
146.729
151.876
159.341
150.402
148.089
149.916
141.567
152.41
144.868
156.066
154.759
151.218
147.68
151.765
148.864
147.909
151.404
150.303
148.544
144.581
149.619
149.607
148.262
153.156
146.489
150.425
148.228
149.507
145.69
147.04
148.275
146.168
148.016
149.963
156.745
146.256
149.412
146.068
151.792
151.263
154.567
150.744
153.106
149.415
152.543
148.27
151.224
142.943
143.968
150.432
150.313
143.293
152.82
149.601
151.67
150.009
149.876
149.959
154.07
149.177
148.765
148.802
142.659
153.702
153.104
141.288
154.102
149.087
149.643
145.484
149.807
150.538
145.124
156.266
148.632
145.255
150.996
146.985
150.918
147.38
140.618
143.935
155.051
149.053
148.013
150.558
153.7
148.675
146.373
156.416
149.525
143.663
149.26
151.547
147.833
148.903
145.639
150.822
147.524
150.409
151.002
149.462
152.964
145.632
145.814
147.724
146.423
150.276
147.269
154.583
151.804
142.743
142.261
145.367
149.576
139.734
147.699
147.176
145.459
153.418
148.527
147.612
142.909
146.789
152.839
155.468
148.414
152.424
147.573
155.187
146.848
142.149
149.014
146.899
146.292
149.17
149.11
143.948
151.47
149.37
154.607
142.681
150.181
147.713
146.74
143.542
154.078
149.056
153.383
149.541
145.435
154.492
140.676
148.916
151.382
150.397
146.373
153.813
144.855
149.029
148.308
151.049
145.247
155.401
147.985
148.939
149.631
153.749
151.615
140.104
145.652
148.686
145.613
148.255
149.647
144.267
154.445
146.683
148.605
140.038
151.314
151.132
147.547
145.757
149.008
144.627
146.494
148.031
145.213
146.053
154.865
151.012
147.776
154.636
146.788
148.81
146.332
148.944
148.326
151.911
149.705
151.029
147.388
150.675
146.921
148.304
150.374
145.923
156.181
151.461
151.364
152.368
152.188
151.872
148.936
145.799
148.544
149.929
148.638
147.533
143.717
146.053
153.602
149.333
145.538
147.491
147.528
145.238
148.777
148.636
149.844
150.816
148.192
146.302
147.585
145.465
152.827
146.849
150.405
141.643
150.821
148.765
143.956
154.404
150.367
149.059
148.598
145.756
146.564
153.743
146.908
148.195
146.439
150.464
144.805
143.04
143.79
149.15
147.625
149.681
157.164
150.964
147.484
146.311
143.327
150.376
148.17
150.731
143.149
150.741
151.525
147.582
149.577
149.845
146.465
144.05
150.016
147.257
150.035
151.751
150.128
145.374
152.2
145.322
146.203
155.892
146.262
154.896
148.596
154.93
151.855
143.853
151.715
144.877
145.399
153.268
146.823
145.149
156.346
152.082
143.4
144.539
144.089
142.318
144.402
143.864
150.051
156.192
148.55
149.977
147.86
156.188
148.409
151.53
138.851
158.956
149.974
144.496
148.053
148.366
148.377
150.957
150.739
148.245
156.026
149.342
149.937
146.349
156.812
150.403
149.444
144.202
150.789
143.834
151.812
153.74
143.274
147.67
150.267
149.722
153.303
149.114
144.091
145.599
147.834
150.39
146.892
149.947
149.325
149.738
147.059
149.814
149.791
148.394
147.252
149.012
150.544
153.252
146.124
146.884
150.011
151.954
147.547
147.195
148.968
143.269
145.907
153.614
146.768
149.95
150.269
143.789
151.525
154.943
146.819
147.401
151.304
148.451
148.551
147.348
156.403
149.649
151.378
140.748
152.668
151.318
152.836
145.495
149.827
145.881
146.902
150.351
154.129
149.215
151.241
156.087
145.72
149.4
147.81
148.589
145.102
143.089
146.949
148.158
146.437
152.689
152.182
152.126
151.973
148.425
146.45
151.153
141.671
151.552
153.423
149.246
145.469
147.043
150.254
145.405
151.502
141.362
150.445
148.746
153.09
149.651
145.664
151.479
149.725
150.693
155.025
148.973
151.54
148.381
155.329
151.346
153.77
153.055
153.368
153.011
149.262
149.869
152.334
152.465
146.319
147.532
148.284
151.888
143.797
152.19
152.539
150.642
151.882
151.057
155.232
145.983
144.53
151.336
149.123
150.873
141.391
153.444
149.923
148.455
153.013
141.78
146.136
150.375
148.442
155.828
150.456
147.036
146.048
150.942
152.099
152.23
146.203
143.559
149.566
153.967
153.26
144.494
157.73
149.731
152.433
151.324
145.39
148.205
138.435
145.144
148.961
154.73
141.348
140.605
150.984
147.019
146.484
154.25
147.925
146.981
147.681
147.836
153.191
148.309
145.296
153.517
148.104
153.678
142.679
157.717
151.983
146.066
152.621
141.831
149.766
150.947
142.761
146.422
151.884
152.914
159.044
149.517
144.339
143.84
154.674
149.127
152.934
153.357
153.581
152.248
151.833
151.955
140.823
145.422
147.078
145.898
153.875
156.584
146.581
148.685
151.17
140.893
145.775
146.587
153.719
149.493
150.867
149.085
147.055
146.54
149.22
144.185
149.091
148.012
146.577
152.259
152.495
147.277
143.588
148.455
146.277
156.121
155.728
143.848
149.912
146.501
149.415
143.725
151.73
146.896
148.566
151.811
153.361
149.766
146.618
147.44
143.607
148.684
152.278
153.671
144.191
144.379
153.005
150.962
158.975
149.984
151.998
151.731
155.839
152.678
150.814
145.083
147.298
142.371
151.959
149.547
146.429
144.911
150.059
154.231
148.594
151.068
147.212
155.325
146.792
146.734
151.648
153.56
152.559
152.344
146.21
146.015
149.356
148.85
148.574
149.796
151.686
144.971
151.68
149.224
151.01
150.124
149.993
155.246
142.293
147.376
153.523
152.041
150.793
151.817
150.989
149.101
156.434
144.492
145.029
149.147
144.282
144.125
150.104
151.085
152.192
147.4
151.888
145.743
144.148
147.941
145.355
149.949
146.075
147.816
149.954
147.268
148.159
146.379
151.145
150.088
154.779
149.683
151.677
146.083
147.746
147.667
153.96
149.687
145.783
149.782
145.219
144.891
149.676
148.48
152.904
153.133
141.607
153.015
145.214
141.85
154.707
146.919
141.49
150.592
149.528
145.224
149.609
146.949
145.785
155.501
150.024
145.079
154.313
151.325
149.669
147.116
154.102
146.895
146.727
145.801
152.107
145.231
149.17
146.662
151.894
148.908
152.586
154.365
146.732
148.61
143.41
149.655
147.805
153.311
148.143
154.761
149.234
152.306
150.355
146.461
148.36
145.564
142.176
150.098
139.703
148.19
150.109
147.304
149.413
150.679
146.173
152.722
153.692
154.286
146.694
153.053
145.093
147.646
153.159
156.225
145.354
149.406
149.685
147.254
143.891
137.054
151.745
151.477
147.271
154.418
152.496
152.772
150.216
155.551
148.941
150.545
145.368
147.07
150.908
141.984
146.332
150.613
149.094
151.198
142.152
151.571
142.232
147.929
145.741
154.872
154.415
152.507
153.932
151.779
148.623
141.933
147.612
149.089
148.151
153.939
150.736
146.475
152.212
150.576
152.619
151.258
144.992
147.512
152.14
150.285
150.895
150.061
152.437
147.319
152.413
149.325
153.23
147.972
151.519
150.691
151.916
143.181
142.565
148.765
151.203
148.338
153.736
152.415
152.714
148.343
144.431
158.195
150.752
140.784
151.211
151.715
147.18
147.562
145.184
144.6
148.991
148.313
149.378
147.035
151.631
150.082
140.311
149.376
149.954
150.342
144.518
149.203
152.016
143.744
146.958
143.853
153.403
152.889
152.424
149.149
147.617
151.357
147.921
152.147
147.893
139.368
150.754
146.117
153.059
149.879
149.124
146.98
150.603
154.173
145.255
147.556
142.883
147.544
142.723
151.719
145.663
152.028
147.757
150.063
146.301
149.403
143.684
156.93
148.751
148.302
157.729
143.719
153.243
152.261
146.895
145.883
148.665
147.809
144.313
150.046
142.572
143.862
146.815
143.77
143.87
143.697
149.737
156.883
149.214
143.004
143.276
155.901
145.471
156.419
148.239
149.815
152.781
150.469
156.536
152.315
148.589
146.007
149.521
146.125
153.612
149.023
143.485
148.949
147.34
148.574
143.253
150.221
139.925
146.911
145.097
154.869
148.97
148.374
151.899
152.418
149.253
146.417
145.71
154.236
143.258
145.133
149.071
146.896
139.427
147.784
154.89
153.253
144.275
147.312
145.939
148.745
154.288
148.12
152.302
151.259
153.55
153.533
153.739
151.623
139.653
150.045
139.406
152.762
147.578
152.343
143.381
146.245
153.904
143.372
149.283
143.314
142.708
145.999
145.247
151.793
147.772
144.442
143.342
146.755
149.668
142.329
143.216
145.99
152.455
155.956
151.939
151.798
150.944
147.434
146.274
149.24
146.347
147.005
153.136
145.57
150.08
148.569
144.53
147.633
150.034
147.944
149.407
148.688
154.506
146.312
153.969
151.387
145.483
151.607
150.939
158.042
149.977
149.593
153.357
151.163
153.736
144.08
147.084
150.363
148.9
148.32
150.578
148.472
145.341
152.358
148.812
152.912
152.88
145.773
147.59
151.447
151.832
151.472
152.856
150.359
145.497
149.618
155.402
147.976
155.936
147.877
149.086
154.983
153.498
152.438
148.961
155.096
147.368
150.555
158.862
149.729
139.399
148.82
145.35
144.56
145.935
149.734
149.319
150.384
146.325
150.847
144.582
152.077
154.223
153.406
151.283
156.079
151.583
148.019
150.279
146.943
146.766
149.862
153.524
151.242
145.402
146.553
150.309
141.797
137.75
148.319
155.801
144.498
146.242
144.406
150.354
153.811
151.032
142.896
150.176
147.672
147.397
148.443
150.264
144.497
146.945
153.923
140.868
152.089
147.64
145.609
151.166
151.751
150.409
144.498
155.564
150.06
146.666
146.734
144.615
160.159
148.844
150.774
147.926
150.649
154.691
149.965
147.921
154.857
149.545
146.468
150.862
145.444
145.594
148.346
153.921
152.644
149.869
146.559
150.583
147.074
153.273
154.578
150.81
147.639
153.645
152.82
154.913
148.733
149.945
143.746
154.058
148.292
147.444
147.991
141.079
149.915
153.031
144.877
147.756
148.768
146.583
153.965
148.261
156.667
149.406
146.344
148.843
146.161
147.826
150.724
149.396
152.611
150.757
153.32
147.095
155.826
156.033
148.591
149.593
145.734
150.932
148.318
153.293
146.934
151.342
151.789
142.276
146.549
156.159
146.255
143.576
149.563
151.774
153.503
152.8
152.97
149.183
150.599
151.443
150.986
149.928
149.122
148.449
154.942
153.609
148.117
149.396
149.158
148.672
154.377
149.608
155.265
144.873
149.421
147.452
150.931
151.157
147.024
154.254
152.175
147.641
146.287
149.032
145.693
149.299
152.429
145.272
148.097
152.014
146.499
149.608
143.681
145.762
146.708
156.442
146.572
147.528
148.306
147.225
148.776
144.855
147.901
146.913
149.825
153.269
148.376
147.066
149.75
145.693
148.528
141.646
151.181
151.839
146.241
147.948
150.477
146.112
146.227
150.219
146.698
153.389
151.379
146.821
148.769
149.126
145.178
139.79
146.814
152.343
144.868
142.909
149.279
155.109
150.043
156.324
147.211
155.028
148.021
148.134
151.772
146.242
142.526
147.738
148.086
149.515
153.581
147.058
142.153
146.717
153.051
147.429
148.603
149.642
146.919
147.524
149.699
143.803
145.882
152.118
