153.907
152.247
145.82
146.751
140.804
145.038
156.444
154.504
151.201
154.907
150.867
150.341
153.34
152.747
148.21
152.229
150.041
156.001
149.946
145.247
150.749
145.513
142.918
150.436
148.599
143.391
149.823
148.021
152.539
147.55
149.089
149.207
151.802
152.638
151.199
154.693
150.753
149.17
153.517
147.572
155.966
153.706
148.533
155.571
149.106
157.278
146.452
150.79
148.531
150.605
150.869
155.783
148.706
144.356
146.898
149.325
149.942
146.457
150.216
150.876
148.914
150.658
147.37
143.715
147.823
149.401
146.143
150.682
156.21
152.179
150.864
150.701
141.448
149.845
157.217
150.163
144.909
151.389
148.864
145.968
146.818
156.182
153.806
142.994
146.337
147.793
151.774
148.493
138.469
142.455
151.659
144.858
153.633
151.936
151.345
148.014
147.8
148.075
145.913
144.539
153.299
147.065
148.895
152.108
157.929
147.012
154.218
150.617
153.463
155.075
152.943
147.074
149.035
153.045
148.862
159.515
152.104
150.898
156.035
150.399
151.972
152.489
155.436
150.865
147.085
147.718
149.906
152.362
147.307
145.703
149.091
148.442
157.024
148.795
149.15
147.498
145.287
146.002
154.335
147.212
154.843
148.426
148.007
145.557
150.199
147.192
146.373
147.387
153.678
153.054
149.288
149.781
141.733
153.244
148.763
153.127
144.461
151.036
157.371
155.138
148.555
150.835
143.171
150.379
152.215
152.313
150.006
146.256
146.2
146.922
149.435
150.301
149.001
144.163
148.81
153.065
152.432
146.348
148.637
147.825
150.195
148.846
151.629
150.406
147.126
140.751
151.324
153.941
153.319
144.004
145.606
154.166
154.215
146.658
149.198
150.947
154.917
144.608
150.913
148.432
146.782
157.469
145.645
150.272
149.81
151.347
151.721
150.352
148.704
145.543
146.162
141.468
147.045
149.596
145.349
144.321
144.832
146.127
150.657
153.479
150.883
150.242
151.486
150.447
147.793
155.912
150.76
148.673
150.86
146.998
153.479
146.737
153.024
146.649
153.611
151.931
147.561
144.242
155.458
146.655
145.108
147.039
151.31
150.494
143.955
147.452
152.297
145.519
151.29
147.072
149.367
146.496
140.877
153.548
151.183
144.991
149.23
148.095
146.097
146.007
149.629
147.24
145.681
145.165
150.23
152.47
149.337
151.181
155.241
155.01
146.93
157.364
148.297
148.815
148.4
149.616
151.381
146.268
146.313
152.868
144.751
151.561
153.939
145.252
152.801
152.929
151.191
144.406
147.164
148.321
156.851
147.503
144.871
159.784
151.206
151.59
156.339
151.554
148.069
150.638
147.601
145.842
146.783
149.856
153.078
151.335
152.44
149.301
150.008
151.352
150.845
155.431
143.602
148.453
151.218
151.434
144.441
156.346
152.131
155.986
143.624
152.45
149.389
146.388
148.826
146.445
148.617
147.718
156.486
146.164
146.276
149.957
152.785
144.605
152.798
145.406
152.562
150.401
152.516
154.377
151.981
147.11
152.616
152.686
146.042
146.622
143.856
150.979
144.688
148.937
149.899
152.36
150.225
151.163
147.4
150.056
149.561
150.486
147.238
145.944
140.646
148.827
149.97
152.741
148.298
148.823
146.918
144.386
154.497
151.051
153.031
147.794
148.935
153.84
153.62
150.224
147.968
153.378
152.549
153.086
150.706
154.983
144.52
148.663
152.145
147.241
151.62
148.194
153.851
149.877
143.004
152.42
151.59
143.276
150.94
148.155
148.787
149.943
151.055
147.945
147.296
147.785
145.361
144.811
149.001
153.823
150.73
150.22
141.657
147.986
145.311
143.297
149.033
146.18
143.828
149.524
147.558
145.127
150.065
148.391
151.123
151.981
151.754
160.479
148.303
144.161
149.901
150.069
149.04
145.768
152.589
149.862
149.686
149.688
153.225
147.84
154.429
146.808
144.868
145.324
147.382
152.36
154.792
149.586
146.557
149.559
144.662
151.424
147.315
151.617
154.749
147.347
148.085
150.954
146.556
153.317
148.371
148.534
151.859
140.915
150.739
144.206
143.303
155.817
151.595
146.644
148.001
147.078
147.383
153.358
145.032
154.56
147.835
143.733
148.32
152.87
152.524
145.838
157.653
148.926
146.505
146.258
153.164
147.995
151.037
147.092
147.785
147.882
153.51
151.057
151.717
146.637
151.539
149.225
148.514
146.784
152.362
150.439
151.516
150.853
153.579
152.607
149.199
153.413
147.564
154.935
148.125
149.879
151.944
148.168
150.492
149.909
146.29
148.625
150.29
145.665
147.869
152.79
146.261
149.941
150.257
157.212
149.918
157.148
151.995
150.36
146.538
146.723
151.494
147.864
148.793
146.054
141.417
146.084
150.074
148.135
147.01
148.536
150.336
152.078
156.569
148.237
150.191
151.985
151.858
147.894
148.892
152.791
150.891
149.464
151.433
148.926
144.041
142.411
152.913
150.626
148.995
148.565
154.111
158.357
154.768
148.248
148.475
149.714
147.701
150.857
149.863
148.348
151.43
148.451
150.15
152.24
149.327
154.833
149.842
158.655
145.676
152.431
149.043
148.839
153.335
149.783
147.077
146.143
148.465
145.503
150.713
151.497
151.034
149.922
156.146
156.963
152.325
145.988
148.454
147.524
146.234
147.611
147.723
143.227
149.152
140.542
147.094
150.887
149.528
148.089
143.409
155.752
143.969
151.649
149.919
147.179
147.804
147.093
147.187
147.642
143.061
149.564
152.545
152.391
158.203
146.06
155.199
154.005
149.518
157.354
150.862
149.014
150.412
152.028
150.686
150.322
150.568
149.18
146.473
151.326
143.831
149.723
153.054
147.818
151.398
151.861
151.111
152.475
147.945
150.727
149.225
148.71
150.49
145.656
146.984
154.894
149.808
147.861
149.884
150.172
152.456
147.556
153.772
147.656
147.092
151.145
150.468
143.739
150.055
153.226
144.163
148.808
145.802
155.492
144.583
146.67
150.049
150.853
148.634
153.239
148.126
154.006
154.851
148.473
147.578
150.999
154.184
152.501
150.344
151.32
151.905
146.093
149.982
147.001
143.998
148.081
151.303
146.74
145.342
154.446
151.076
153.551
147.108
153.326
143.313
152.208
149.867
147.083
149.931
147.593
151.637
151.318
152.631
152.061
147.587
153.188
151.803
149.137
154.962
146.008
148.183
146.346
148.249
146.359
148.515
151.066
149.765
155.893
153.526
152.309
149.2
150.913
149.471
150.204
148.248
146.639
150.177
144.982
151.345
147.593
144.027
148.701
146.291
152.087
150.566
149.78
153.801
153.742
147.466
150.409
144.972
146.178
148.823
139.872
152.896
152.054
151.183
152.399
153.965
149.203
151.858
141.839
149.825
150.449
150.658
148.568
148.427
156.721
146.211
151.318
147.689
156.365
152.153
145.621
153.367
147.292
148.3
146.881
153.574
149.403
143.735
147.107
153.291
146.6
150.133
148.435
157.652
152.937
148.38
149.899
148.475
150.205
143.699
152.685
154.125
148.3
149.426
152.939
148.864
144.785
147.183
144.839
149.476
144.119
153.632
151.539
143.329
150.88
145.819
153.113
143.41
146.524
147.006
150.557
149.208
147.437
148.329
147.959
149.704
148.704
145.823
154.084
148.474
154.893
156.224
154.415
152.008
148.591
151.394
147.051
144.652
148.28
155.502
153.499
150.044
151.899
155.21
146.358
148.217
153.287
144.422
146.962
151.452
147.408
154.849
154.136
151.201
151.457
151.837
151.265
148.037
148.679
146.428
146.569
150.895
147.234
156.511
153.293
143.748
147.151
146.116
152.477
148.355
147.101
148.043
148.822
153.166
146.566
149.045
147.625
146.699
149.725
151.642
150.986
146.757
152.937
151.547
156.147
150.041
145.134
150.754
145.277
148.502
146.776
151.575
145.732
145.806
150.828
148.359
153.147
149.527
150.29
140.052
151.072
146.054
153.776
150.372
147.067
150.885
145.961
145.142
152.35
147.516
151.931
149.328
146.749
155.271
148.982
152.406
149.744
154.118
147.098
148.3
151.059
157.81
152.007
147.539
152.914
147.649
150.243
143.905
146.9
153.203
153.537
150.189
148.592
149.058
149.346
152.08
142.58
148.192
150.931
157.883
151.618
151.507
145.606
151.251
147.686
151.21
152.54
146.31
144.843
151.385
146.485
147.138
143.495
152.949
145.541
148.651
147.451
152.259
147.048
151.967
147.714
154.597
148.878
152.537
147.193
151.207
148.422
151.756
146.34
146.638
152.279
150.685
148.214
150.855
155.189
146.879
145.749
150.242
147.874
147.983
149.629
153.711
146.616
145.512
153.265
144.734
152.286
146.485
152.622
149.668
154.414
151.617
142.56
147.703
149.633
150.404
148.851
148.475
146.31
148.078
147.211
149.164
151.466
154.103
146.061
151.651
145.403
143.535
157.388
150.847
148.525
146.099
147.045
150.022
148.638
154.306
153.182
155.742
147.992
154.716
146.623
148.376
148.568
151.01
150.613
148.865
156.445
153.576
148.077
148.649
141.144
149.445
147.199
146.465
148.716
153.096
154.741
147.094
152.999
157.448
144.902
149.566
151.323
145.584
152.075
149.742
146.327
150.975
149.397
148.23
149.449
147.446
144.615
153.291
150.917
144.76
150.138
151.824
148.942
152.509
147.216
150.94
146.388
149.044
148.326
151.109
155.637
152.911
151.785
146.892
146.825
146.267
146.032
153.593
159.314
153.074
145.85
147.063
152.527
152.873
153.365
153.973
155.124
147.373
147.139
138.62
146.808
151.63
157.378
146.92
150.671
150.931
148.477
152.115
148.232
148.302
147.738
149.973
157.207
151.617
149.582
152.919
150.164
147.594
149.795
151.838
147.683
149.309
154.726
147.648
148.732
149.708
147.196
141.985
152.977
152.279
147.512
157.194
145.615
154.312
147.262
151.163
142.195
142.307
155.941
155.546
145.81
156.837
147.431
144.877
153.108
148.556
147.805
148.528
147.681
151.671
147.931
144.267
155.234
153.146
149.903
147.974
149.54
147.208
143.292
149.588
147.474
150.758
145.248
153.951
145.647
147.953
155.554
146.652
155.467
153.019
147.169
145.151
145.207
148.159
146.603
151.891
148.952
151.053
149.886
148.67
146.421
151.815
154.479
147.935
153.197
147.601
154.539
151.321
146.875
153.407
154.377
146.398
144.809
155.78
147.988
141.654
149.167
156.752
153.561
150.403
148.738
147.415
155.944
150.745
148.621
154.016
147.207
144.183
150.384
148.886
149.599
155.371
146.251
141.924
147.686
156.841
146.751
156.139
154.519
149.918
145.304
149.113
149.226
147.878
147.104
145.336
148.291
150.616
148.771
147.143
153.049
147.24
150.149
151.565
148.541
153.28
145.69
147.935
150.108
159.028
155.395
144.988
156.169
147.67
149.587
151.754
144.926
147.248
143.57
154.341
149.88
143.464
149.614
151.488
151.33
147.157
148.41
142.866
153.494
147.602
150.903
156.653
146.5
146.118
146.212
146.298
154.812
143.397
141.05
151.307
147.887
157.534
146.906
154.806
153.423
149.375
150.377
151.126
151.972
150.578
147.502
152.091
154.96
140.822
149.239
148.264
147.441
143.037
152.237
145.059
149.031
147.843
145.127
146.593
152.297
145.535
151.051
151.769
149.174
151.254
154.481
149.727
143.106
148.922
149.635
150.585
152.304
148.109
150.141
146.102
154.263
151.857
150.569
149.936
147.992
148.412
154.947
150.805
147.272
149.568
143.845
149.038
152.568
147.554
152.842
149.695
155.941
146.474
151.516
155.909
150.139
148.477
151.842
150.709
148.084
143.171
145.046
147.641
143.924
157.871
151.281
146.615
157.554
149.5
145.971
151.173
150.033
154.101
152.123
142.729
144.125
148.677
152.45
149.597
149.831
157.058
155.362
150.424
151.941
150.19
142.742
154.925
141.724
148.321
147.881
155.38
145.577
150.308
151.769
147.528
152.152
155.551
148.26
149.912
147.571
152.47
150.024
150.559
151.985
155.228
148.8
151.284
151.227
150.534
151.349
143.432
145.502
154.371
147.062
148.095
149.516
150.18
152.42
153.315
148.949
144.262
150.126
148.01
146.556
143.805
150.756
149.041
149.108
160.513
150.245
156.23
143.841
141.851
148.631
144.837
151.495
154.233
146.195
149.614
149.675
144.563
146.09
150.847
148.779
149.082
150.236
155.677
146.8
148.569
149.389
153.795
148.636
149.552
148.391
155.102
150.909
147.22
144.932
152.425
149.405
152.094
144.353
149.498
151.504
152.024
149.663
152.505
147.324
148.729
145.389
149.965
142.586
144.617
149.115
152.062
145.318
151.56
153.815
156.902
148.763
151.383
145.658
150.46
151.426
148.748
148.198
151.578
155.935
149.86
148.787
148.396
151.957
146.567
145.93
152.615
148.327
150.542
151.622
149.767
149.192
157.702
149.444
150.032
149.516
149.981
146.618
145.824
152.217
152.454
151.392
147.696
145.977
152.256
151.908
147.126
154.808
150.604
149.503
151.679
140.298
151.968
151.366
151.963
147.872
153.54
145.886
155.223
150.796
142.191
148.696
151.823
146.975
144.338
151.263
148.48
154.83
149.527
147.667
154.397
151.042
149.677
153.537
149.293
151.506
148.84
149.59
144.702
154.557
147.294
158.694
155.96
147.489
151.983
150.132
148.596
150.284
154.883
158.828
148.268
150.445
148.895
145.991
149.353
145.656
148.374
144.423
151.842
148.273
156.598
151.576
148.358
153.36
149.315
146.513
150.728
158.369
152.913
148.013
149.25
149.588
144.627
154.863
148.327
153.438
151.333
157.826
146.941
154.315
157.472
147.18
157.474
149.966
157.168
146.532
146.701
149.685
142.624
149.699
148.998
152.54
142.828
149.543
142.389
148.888
146.07
152.13
149.076
149.859
153.468
144.794
152.401
148.619
149.144
153.024
150.497
151.099
152.007
146.233
150.094
150.643
152.14
146.199
151.926
146.113
146.757
147.328
148.432
150.838
155.97
147.333
149.774
150.812
151.125
147.292
145.33
151.101
157.521
150.049
150.974
151.569
150.64
147.028
149.455
152.112
139.676
151.332
140.875
143.279
149.139
146.563
149.284
147.72
149.991
153.687
150.701
147.143
149.834
152.935
145.709
149.276
154.375
151.208
150.21
149.495
152.441
146.884
151.557
149.354
149.67
143.604
149.801
146.806
151.631
150.878
149.954
152.987
150.122
149.862
152.149
145.088
150.58
149.366
158.383
151.383
148.968
147.882
151.633
149.13
159.167
147.392
149.533
150.829
146.006
151.571
144.464
154.373
144.857
149.306
146.48
156.118
147.589
149.04
153.679
150.448
153.587
150.36
151.668
156.251
143.93
152.833
149.842
148.484
148.412
153.079
159.43
148.699
149.197
152.614
138.921
148.228
150.331
148.472
156.922
146.5
145.344
151.417
151.697
145.421
146.057
152.87
152.644
149.37
152.851
151.989
145.589
144.801
149.177
149.87
145.607
152.238
149.214
151.208
154.161
154.057
142.296
151.196
150.381
147.924
148.591
150.753
149.636
151.586
145.389
151.632
148.794
159.301
144.176
152.676
148.576
146.119
151.538
148.015
154.466
149.025
158.546
146.937
146.778
149.246
153.657
147.423
147.224
141.307
151.852
147.54
154.455
153.694
156.274
159.436
152.387
145.943
150.367
148.494
150.527
149.409
144.513
153.387
146.974
149.02
149.328
152.088
147.682
152.146
145.032
148.813
149.429
153.619
153.548
152.297
148.777
152.541
149.984
155.815
145.228
150.126
146.972
149.352
155.776
154.025
148.274
146.892
146.516
149.841
152.037
145.62
145.998
153.097
147.673
151.266
152.581
153.114
151.859
150.165
155.0
146.518
154.643
151.301
156.968
156.367
148.957
151.597
149.505
152.48
151.409
149.827
147.764
154.132
155.711
150.2
149.2
149.88
152.231
152.653
150.93
149.892
143.982
150.914
147.906
148.779
155.875
151.239
150.486
148.614
150.045
152.001
145.603
146.934
155.921
148.976
146.834
148.675
159.089
150.811
153.435
150.795
153.67
150.928
147.354
148.415
151.915
147.634
150.247
146.416
151.242
149.256
148.507
155.753
145.9
156.204
152.078
150.734
144.095
152.001
151.824
143.937
153.081
148.885
146.214
153.302
151.081
148.719
144.313
152.991
145.502
145.559
146.038
148.58
149.567
155.002
152.518
145.96
150.045
148.624
147.939
147.822
158.091
147.502
147.11
147.482
149.165
149.075
150.177
148.262
147.287
152.164
137.529
143.385
153.751
143.734
152.25
152.657
146.282
152.032
150.331
152.451
149.725
147.698
147.297
147.698
149.157
143.809
145.025
151.729
148.063
151.253
149.0
144.575
141.584
148.518
146.677
145.95
142.861
155.438
149.285
146.081
153.256
156.315
149.633
144.251
152.409
150.079
154.799
146.393
150.09
148.472
150.628
152.205
155.787
146.61
150.351
157.974
147.919
153.444
148.547
155.53
150.771
146.649
146.097
150.595
142.179
149.538
148.038
152.706
147.239
147.353
149.652
149.104
151.195
144.21
153.097
150.523
145.78
154.055
155.846
147.09
153.967
146.342
148.81
147.007
151.25
152.375
144.505
149.184
152.486
151.541
152.756
159.076
147.238
152.112
156.814
148.773
153.72
146.32
148.059
144.26
153.122
152.21
150.564
148.638
152.775
156.22
144.747
151.536
146.373
148.192
150.117
152.58
147.667
148.746
148.215
152.822
146.624
149.256
153.517
149.952
151.877
145.934
153.865
145.539
148.65
152.067
147.218
144.683
148.197
161.76
150.998
147.495
153.876
146.398
147.45
149.593
150.335
144.726
146.478
151.244
153.104
147.011
148.088
154.735
149.641
153.796
142.544
151.554
153.588
150.906
152.537
146.368
154.574
149.722
153.802
146.75
149.337
144.283
152.682
146.795
147.246
149.578
151.172
148.636
150.994
150.856
156.526
147.918
152.356
153.854
157.615
147.712
149.08
151.599
143.387
146.151
146.3
146.721
154.532
146.294
149.83
150.328
144.13
155.957
153.996
152.196
149.119
146.584
151.087
148.249
154.829
154.296
154.113
150.001
154.029
149.367
152.022
143.215
150.753
152.772
146.926
150.3
146.601
149.349
150.355
148.602
152.796
151.699
150.398
146.734
151.563
156.412
149.846
146.499
154.216
147.381
150.999
151.942
148.184
144.991
151.777
148.745
145.771
149.307
155.697
149.258
158.134
153.141
151.626
146.341
149.078
144.036
156.156
143.82
144.635
153.757
141.217
150.588
146.762
156.398
146.859
150.318
152.142
150.734
147.603
154.111
146.994
146.485
145.974
150.063
150.811
147.081
155.048
148.955
148.599
150.037
147.364
145.142
150.916
150.479
150.987
146.193
151.512
156.988
145.717
152.887
156.374
151.431
154.688
141.333
151.703
150.076
148.895
144.635
152.941
154.901
146.179
143.948
144.854
144.156
150.82
149.464
153.783
145.516
146.147
156.523
145.867
156.794
142.71
151.013
148.145
150.65
146.297
149.569
147.982
152.302
149.694
152.661
148.522
157.016
153.198
145.53
147.413
150.111
152.289
153.153
151.518
148.281
145.92
145.291
154.502
147.457
150.609
148.159
145.304
149.099
148.978
153.559
155.605
149.58
147.344
146.598
150.763
151.996
151.695
154.803
145.453
156.8
144.619
152.673
152.848
151.23
153.604
148.171
148.795
149.052
153.574
156.044
149.156
140.728
152.327
151.773
152.819
156.592
153.415
150.597
146.684
152.284
150.495
153.444
150.948
147.507
146.492
154.968
159.955
149.508
143.901
149.87
148.375
152.001
150.138
153.752
147.72
144.387
144.996
153.552
146.589
147.675
154.347
144.842
147.417
145.563
151.346
157.135
156.27
141.583
150.369
155.885
147.759
145.152
145.118
150.574
148.417
151.171
151.538
147.733
149.05
150.733
149.156
155.096
146.826
146.262
147.341
148.307
153.747
151.589
147.169
150.713
143.489
147.059
147.609
153.21
148.818
153.124
151.727
152.48
153.414
144.201
151.448
149.48
150.292
148.46
147.301
150.1
151.942
150.873
152.965
150.202
158.284
154.232
148.981
150.349
148.673
147.661
151.371
151.889
152.987
149.591
144.588
146.021
154.233
149.544
145.789
151.175
153.685
148.64
153.269
149.417
149.742
148.542
141.728
154.313
144.334
151.61
154.64
144.142
146.818
150.101
148.596
150.26
148.348
149.704
147.209
144.972
150.678
150.52
151.146
149.803
142.58
143.927
159.817
148.338
142.601
145.897
153.228
153.474
148.077
147.125
156.567
145.713
152.152
155.109
148.808
147.138
154.513
144.4
150.435
149.938
149.775
150.038
154.802
153.329
149.66
151.295
145.896
144.257
148.262
155.676
150.441
152.119
145.574
153.451
146.885
150.311
146.572
154.099
146.457
139.95
148.283
156.447
148.835
148.751
148.08
145.386
152.899
150.957
149.32
149.446
153.287
150.456
148.799
143.964
157.108
153.052
149.276
148.88
150.736
147.148
151.977
151.927
153.569
142.594
152.899
145.806
154.071
146.167
144.506
143.453
146.975
150.311
154.735
149.63
144.034
148.827
150.177
148.475
146.23
152.92
153.838
151.232
153.811
157.176
145.46
152.746
151.333
152.466
147.733
154.207
153.837
145.362
142.699
146.407
149.956
149.729
147.997
145.187
151.525
147.406
146.178
146.056
143.825
151.601
152.211
149.617
147.852
155.394
152.638
155.073
156.763
148.138
149.432
148.124
151.137
154.551
138.497
149.506
148.998
155.065
158.52
148.365
150.907
148.753
152.796
149.378
148.423
150.408
154.09
148.956
147.096
145.849
160.941
145.344
153.257
153.292
150.681
147.163
152.417
148.514
152.737
146.841
151.857
156.6
146.724
149.338
153.636
150.52
145.966
150.871
141.706
141.756
157.196
150.962
151.78
148.372
149.666
142.25
151.617
151.755
145.145
148.798
157.471
146.046
144.219
148.221
148.498
153.57
147.733
149.713
154.536
144.688
149.642
155.766
154.718
151.193
152.045
144.529
144.41
151.154
156.072
153.687
155.108
145.101
148.493
149.795
148.023
142.669
148.24
150.488
149.299
151.546
152.732
155.224
150.529
152.37
149.603
153.184
145.533
151.27
150.445
143.794
150.408
145.895
156.531
147.29
150.276
148.658
151.297
149.527
154.13
149.371
151.406
153.316
147.348
151.413
145.49
154.326
150.149
147.542
147.64
159.729
150.557
149.893
156.842
146.879
148.885
153.311
150.723
151.828
150.959
141.278
146.401
154.218
153.754
153.809
146.81
150.3
151.754
148.001
148.585
149.016
152.334
150.79
148.133
149.866
146.074
146.251
150.904
150.45
152.167
154.836
146.345
145.339
147.495
148.674
152.46
154.42
155.423
143.632
157.39
149.991
146.43
154.468
156.567
158.474
154.293
149.101
148.214
154.89
148.95
146.948
157.489
152.076
148.935
149.262
145.589
147.319
152.42
145.28
148.607
150.103
152.402
147.326
143.348
148.038
149.089
142.253
145.388
150.579
142.131
149.302
146.327
150.799
149.491
156.876
151.261
152.027
149.807
153.359
148.137
145.538
145.406
156.356
151.981
152.122
148.915
147.972
155.209
149.582
144.674
150.302
151.936
150.142
148.875
145.602
150.237
152.91
154.97
150.633
149.925
152.46
152.506
145.419
146.487
147.47
150.697
154.781
148.232
148.465
156.187
159.992
144.262
145.975
150.464
153.395
147.9
146.075
142.614
147.979
152.55
148.159
146.122
148.172
150.015
153.309
142.516
145.17
155.725
147.164
153.675
149.657
150.995
158.015
147.553
150.738
147.377
151.956
154.276
149.699
152.931
147.672
147.444
151.753
157.797
147.596
145.061
150.104
143.876
148.639
147.935
149.255
149.346
149.071
149.996
143.486
153.904
149.327
153.746
147.371
146.362
149.814
152.768
154.168
154.945
154.8
152.034
148.951
152.35
151.726
155.35
147.191
151.835
149.721
153.099
155.759
153.031
154.481
145.347
148.576
145.261
150.761
146.834
153.111
145.261
149.829
145.399
149.606
142.678
146.639
155.176
146.685
151.302
150.248
153.661
149.734
150.766
155.841
147.246
148.55
149.407
145.077
154.457
143.644
145.294
150.339
151.524
154.066
147.509
149.811
150.443
157.642
154.403
143.918
149.724
150.388
146.033
151.577
147.689
146.246
146.145
149.256
145.807
153.9
145.925
146.363
149.242
150.702
149.098
152.546
156.259
154.961
146.874
144.057
150.702
148.042
154.12
144.334
149.759
148.648
149.585
146.822
151.395
149.433
152.093
150.199
153.665
145.437
141.276
150.443
155.193
146.259
150.619
152.622
156.423
155.34
153.818
156.711
150.179
149.477
151.921
151.526
146.125
147.16
152.203
144.968
148.34
157.209
151.236
155.538
148.177
148.848
155.216
150.478
148.384
154.865
150.965
147.623
144.193
150.044
149.684
147.149
149.855
158.66
149.677
149.365
151.572
150.665
145.302
147.613
149.536
152.324
147.796
145.93
141.023
148.161
151.797
151.386
149.247
156.883
146.994
147.507
152.432
153.974
150.361
143.3
146.305
142.93
148.597
150.731
147.654
148.379
147.94
150.037
148.043
144.847
148.057
149.195
144.753
151.097
148.516
145.702
150.227
151.276
150.268
154.764
152.544
154.678
150.006
150.892
150.044
151.408
152.47
146.326
145.305
152.756
147.514
152.711
150.891
156.64
151.303
146.442
155.449
146.561
145.908
151.615
150.484
157.608
147.44
152.802
148.877
146.295
144.271
148.208
151.224
153.739
156.498
151.683
148.394
153.297
150.377
156.084
151.765
147.318
144.374
146.026
147.617
152.911
148.331
152.576
149.613
151.206
149.945
150.214
150.141
150.114
149.041
149.883
149.788
149.417
149.292
150.149
150.268
160.707
145.498
151.47
148.096
147.819
147.528
147.703
142.925
150.552
148.528
150.591
151.634
149.979
150.565
150.475
149.503
148.999
147.055
146.306
147.408
152.083
156.111
146.429
147.244
150.064
154.138
153.176
147.88
151.527
154.525
150.009
149.706
152.246
147.776
153.926
146.196
149.738
143.408
149.813
147.897
148.176
153.828
151.344
148.723
141.796
152.601
150.409
151.185
149.314
153.176
152.723
149.216
154.475
155.154
151.376
148.189
146.251
153.757
147.462
151.462
153.334
143.822
147.681
151.197
147.094
152.568
150.986
154.046
147.033
152.993
144.637
149.587
148.454
148.759
153.356
148.686
151.024
148.729
147.722
148.717
151.521
149.876
149.036
149.047
157.379
157.052
151.574
154.227
154.557
150.936
152.496
148.222
150.644
147.859
146.942
155.127
142.663
153.091
143.754
151.524
152.006
146.099
147.878
144.261
153.149
154.106
152.048
148.84
150.532
154.185
149.82
153.845
154.313
144.95
146.138
144.39
157.483
149.717
147.71
149.918
153.541
144.455
150.446
152.577
151.005
145.784
146.725
152.229
153.36
149.85
154.366
153.025
148.846
150.248
153.207
152.364
155.851
143.988
146.814
153.773
147.554
150.636
146.872
143.21
149.271
152.709
153.788
152.174
148.435
150.451
148.222
149.12
147.928
141.906
153.799
156.37
150.662
144.353
148.332
143.16
148.367
148.846
146.516
150.227
154.769
150.143
148.91
146.86
153.128
144.919
152.208
143.756
151.954
151.931
140.741
148.753
149.415
150.823
146.829
153.618
150.473
148.806
142.252
149.08
144.586
150.864
156.016
151.19
150.879
147.154
149.435
153.687
145.191
152.784
147.467
149.361
149.381
146.713
151.689
146.787
156.804
147.72
142.842
149.479
149.074
146.357
150.573
140.998
153.816
147.542
154.002
153.133
149.772
142.22
149.323
152.862
148.583
148.537
156.584
149.052
145.927
146.1
148.782
151.778
154.724
147.725
149.337
152.052
144.401
150.644
147.659
150.39
146.132
157.373
152.012
148.453
151.662
155.427
152.507
149.674
151.319
151.859
145.751
144.75
151.269
148.54
145.23
155.393
146.43
146.472
148.953
153.011
151.261
150.128
154.468
152.973
148.012
151.296
149.773
142.655
153.281
148.764
153.206
148.801
150.265
152.105
153.492
145.257
151.886
149.884
147.891
151.603
150.172
157.433
151.852
150.639
149.192
149.913
149.546
146.337
145.265
150.359
149.879
157.007
147.888
143.581
146.657
144.915
152.295
146.471
154.025
143.648
144.449
155.554
148.104
147.786
150.738
148.037
153.125
143.07
156.866
155.812
149.303
152.444
149.268
153.645
150.161
148.531
151.847
151.959
153.149
150.48
149.377
146.097
153.702
151.536
150.801
151.116
147.36
149.549
148.489
145.955
153.649
150.707
151.415
146.618
150.479
154.717
147.674
152.706
148.327
148.967
153.767
151.653
155.015
150.649
151.45
152.344
152.58
148.323
152.043
153.224
146.372
155.011
139.921
149.341
151.764
151.881
151.745
151.976
150.529
150.067
150.199
149.064
146.684
150.722
147.803
155.198
157.924
151.458
146.093
151.387
151.388
146.692
153.425
146.284
154.618
146.202
151.611
150.637
143.525
142.178
143.666
144.061
151.168
151.019
152.964
152.235
146.722
155.191
143.713
152.227
147.856
152.388
145.719
152.198
141.86
150.452
146.863
146.413
146.083
143.99
152.477
149.121
148.979
151.3
145.82
155.661
148.833
149.249
148.695
152.759
148.42
146.456
149.299
147.714
152.226
147.551
152.181
146.441
147.047
152.477
152.513
152.602
150.477
146.531
150.883
151.897
148.247
151.338
156.411
148.794
147.211
146.329
149.197
155.346
144.266
151.471
145.918
146.552
151.801
150.5
149.514
151.579
147.413
152.316
147.122
147.466
141.511
149.26
148.148
142.716
145.97
152.052
155.492
157.531
151.873
150.686
152.42
146.583
147.402
149.392
150.464
154.687
153.603
148.8
150.932
151.416
150.533
153.984
150.347
149.043
151.176
150.142
149.114
146.018
147.946
150.211
143.027
154.585
149.676
152.863
154.743
151.558
154.965
157.681
149.969
150.427
139.079
147.201
143.168
145.879
150.257
151.15
147.715
142.822
150.708
151.428
144.61
145.175
146.779
150.167
149.475
152.119
150.388
149.968
148.364
151.984
146.563
144.061
150.898
150.892
151.253
149.893
155.038
141.461
145.825
145.711
148.105
150.005
151.15
150.76
158.362
147.674
150.114
152.586
149.427
148.542
141.563
148.092
144.562
145.993
147.943
145.965
153.606
146.299
149.53
150.39
147.518
153.616
148.713
149.478
151.853
149.156
154.605
153.121
149.549
143.078
142.963
151.366
150.2
153.505
149.421
150.584
148.157
151.739
145.473
149.184
147.864
149.902
149.077
147.959
150.821
147.446
147.304
145.249
152.72
149.293
152.055
149.589
152.257
145.127
148.694
144.53
144.456
147.75
145.717
152.951
146.193
148.556
153.629
146.736
154.684
151.535
149.413
154.386
149.746
146.913
143.829
148.555
146.951
152.083
148.471
148.821
147.864
152.222
143.779
152.65
151.249
153.371
150.328
153.313
138.708
145.987
148.003
152.64
156.835
156.799
147.986
150.044
145.303
149.931
151.083
150.663
147.199
140.952
152.403
145.93
148.121
143.253
150.755
143.392
148.476
151.607
150.665
149.626
148.366
153.677
145.586
148.54
157.162
147.626
147.842
151.842
145.737
150.937
143.764
152.324
148.533
153.285
153.521
142.66
146.883
144.805
153.349
148.602
147.797
148.065
148.923
146.819
152.17
147.929
143.017
145.92
151.3
144.754
151.613
157.454
159.339
146.77
143.644
148.407
148.203
152.83
148.155
155.068
140.339
152.137
150.814
150.58
145.279
151.664
150.648
145.186
147.884
149.46
148.709
152.426
144.353
149.658
152.228
146.647
146.672
152.586
150.777
147.845
153.298
144.917
147.374
149.963
150.206
147.718
143.873
149.513
148.336
145.063
156.116
150.19
153.828
149.825
152.545
154.835
141.265
154.431
144.856
148.296
143.397
151.663
155.781
140.773
151.81
156.308
144.3
150.545
147.684
155.129
144.819
151.564
145.304
148.27
147.527
149.29
147.983
147.263
141.098
151.061
155.465
148.569
150.293
154.44
142.573
150.042
151.738
151.724
149.125
148.491
156.27
145.411
151.119
148.34
143.783
151.999
151.756
147.828
156.086
144.747
149.731
153.039
149.04
146.237
143.477
150.492
144.688
147.296
146.47
153.069
147.439
147.914
149.941
156.199
148.043
145.016
148.349
151.591
146.706
147.881
149.084
147.135
152.463
152.947
146.343
144.423
156.344
153.586
146.902
151.711
150.125
147.437
152.392
155.254
146.69
144.835
145.474
152.809
152.119
156.888
148.361
145.514
150.462
148.31
149.182
154.571
147.734
148.113
149.118
148.093
157.5
150.263
154.963
153.219
146.787
151.727
146.587
151.61
151.706
148.106
146.885
155.852
150.959
151.184
154.51
152.225
153.385
156.094
151.576
144.578
148.184
148.24
150.355
149.491
153.098
147.195
141.117
159.819
156.125
154.393
151.522
145.75
142.859
142.757
144.161
146.52
150.551
147.929
150.988
150.137
150.8
150.368
151.842
143.44
146.896
151.497
153.995
157.103
142.917
155.402
150.205
150.012
146.886
152.143
147.466
151.158
146.587
149.542
148.64
151.965
150.629
152.342
147.203
146.374
141.869
154.567
149.35
151.07
145.71
153.484
151.074
149.483
138.158
148.153
146.565
142.148
146.082
152.549
148.299
148.415
154.903
145.891
153.067
152.264
147.971
149.049
148.206
153.765
144.997
148.794
152.81
157.642
151.284
153.318
154.414
151.73
153.522
144.499
156.872
149.355
149.383
152.79
150.858
152.834
146.481
151.023
146.47
151.905
149.141
147.738
146.721
150.667
150.921
147.104
146.967
150.815
154.168
153.355
152.496
150.478
145.029
141.488
147.698
144.753
157.84
147.662
143.153
157.336
147.524
144.406
150.368
154.982
148.866
150.222
158.826
151.995
154.674
146.146
151.837
147.433
146.31
151.965
145.124
150.193
145.289
143.192
161.253
151.473
150.777
151.076
145.019
156.001
145.434
148.71
147.359
150.698
147.935
147.756
143.248
144.856
150.189
151.673
146.225
149.281
145.461
151.91
144.71
150.009
150.25
147.67
149.252
152.007
147.792
149.667
157.313
148.758
155.22
147.517
142.733
144.837
149.816
148.35
146.212
146.254
153.003
146.288
145.15
146.161
144.033
156.086
149.801
152.789
149.566
142.868
146.193
148.67
148.38
148.673
152.327
144.983
147.255
146.487
143.095
153.841
154.92
146.576
157.605
145.517
147.267
140.451
147.28
150.286
152.588
158.1
146.761
149.69
151.733
151.047
142.137
145.302
154.116
150.551
146.358
152.798
145.331
149.044
152.003
153.548
156.653
152.848
150.326
151.292
151.37
146.506
148.034
145.009
147.863
154.624
150.523
153.945
149.844
141.276
151.356
153.87
144.41
151.747
152.286
145.769
143.056
147.609
156.525
159.083
143.172
149.813
151.1
147.011
152.495
151.896
152.7
150.703
147.716
144.136
149.303
148.555
153.644
153.866
149.803
145.584
151.382
153.146
150.065
146.782
147.66
149.386
148.566
147.98
148.752
150.288
150.552
147.573
144.973
151.883
146.77
151.831
149.697
150.053
154.026
150.861
157.305
150.024
150.305
150.309
150.828
152.908
152.581
153.84
150.774
152.148
149.481
150.273
146.238
142.295
154.251
149.829
152.627
150.111
141.645
143.672
144.487
150.274
150.192
155.617
147.493
158.143
149.756
144.652
150.602
149.146
148.167
151.956
153.124
148.964
150.788
153.294
152.339
147.761
145.776
145.621
152.229
151.295
148.351
145.392
154.383
150.804
148.689
149.64
151.876
148.08
148.979
147.96
147.714
152.096
148.754
152.224
147.585
144.324
150.822
152.078
150.657
149.469
148.665
154.645
151.435
147.336
148.138
155.998
150.452
154.878
150.687
150.219
149.557
154.617
149.255
150.862
145.59
148.286
152.163
147.562
147.917
153.004
147.933
147.586
150.541
147.6
155.674
143.878
150.274
150.469
149.809
149.878
152.765
150.902
147.408
146.317
155.057
150.689
143.812
155.249
154.005
142.05
144.231
148.344
156.112
146.435
147.084
148.546
153.71
148.609
149.894
148.471
152.634
145.483
152.488
152.507
151.92
148.406
149.502
147.818
148.899
146.477
144.087
146.064
145.206
147.686
150.396
147.849
152.524
151.0
150.557
152.108
144.969
151.746
150.642
148.638
155.451
150.541
150.193
151.645
145.956
148.773
149.785
151.462
153.794
148.097
157.385
150.955
146.35
152.49
146.891
148.805
149.738
148.104
146.527
157.332
148.252
153.763
143.99
149.944
150.807
145.739
148.797
147.805
151.723
143.684
145.262
147.155
141.207
144.986
146.644
151.486
146.613
152.923
150.07
150.743
152.049
148.865
146.474
147.595
147.291
152.365
150.991
150.733
146.409
141.847
150.035
146.467
149.884
148.748
152.074
149.221
149.807
142.79
157.084
143.741
154.594
151.669
153.73
149.153
147.006
150.404
154.071
150.966
150.942
148.785
144.613
153.031
150.926
150.052
147.835
149.04
148.927
147.142
147.529
150.267
150.134
152.395
150.959
145.382
153.658
150.291
151.132
154.433
147.264
149.369
154.547
144.714
148.527
154.798
150.053
152.153
151.858
145.766
158.65
150.68
149.435
149.653
146.683
148.815
152.301
149.54
152.064
147.472
151.002
147.062
146.975
153.532
153.468
146.47
152.306
148.575
145.826
152.725
150.213
150.678
145.303
151.71
151.673
148.38
145.388
146.141
144.773
154.045
152.543
145.063
148.762
151.491
148.863
147.167
150.179
144.222
150.151
157.178
147.288
148.344
150.594
147.757
150.127
150.813
148.603
151.181
157.652
152.642
150.938
150.873
148.656
147.086
150.614
155.405
145.183
156.212
150.589
146.093
150.311
153.308
147.19
155.516
150.621
144.023
146.947
145.738
149.556
148.034
152.298
149.822
144.44
152.866
146.742
148.488
148.293
148.469
152.779
155.088
149.422
152.539
151.297
150.594
152.047
146.799
149.808
151.262
149.352
147.369
151.729
146.71
151.269
144.16
154.161
147.089
149.898
147.106
149.829
150.614
151.158
143.115
146.39
155.371
145.987
150.185
151.734
146.332
154.06
149.86
148.418
144.651
146.85
150.927
150.613
148.125
147.45
145.869
158.01
150.65
153.991
154.509
149.715
144.865
155.394
147.229
151.043
158.03
146.18
148.552
150.864
152.127
156.966
144.32
148.299
155.845
153.27
151.627
150.777
149.959
148.348
149.527
147.808
145.918
150.435
149.066
145.699
147.88
152.868
146.705
150.598
147.55
144.353
152.488
149.721
151.944
148.4
151.838
150.71
150.277
151.899
146.804
154.472
154.91
150.647
152.038
150.32
154.123
146.622
151.423
150.54
151.22
151.396
152.309
146.763
148.576
148.459
144.298
154.4
146.726
146.43
145.103
147.458
151.865
146.919
147.423
149.644
151.95
148.592
147.456
143.195
148.299
147.759
144.578
145.653
149.077
147.192
147.122
150.349
144.789
149.661
148.89
151.375
149.769
144.877
151.249
150.977
152.208
148.337
148.718
149.95
153.15
147.711
146.695
151.662
150.658
148.465
151.813
149.495
150.847
146.29
145.443
152.735
153.209
151.583
152.586
146.065
152.288
156.067
149.819
153.78
154.462
146.63
146.077
149.012
145.699
149.851
151.964
152.322
148.447
145.729
145.361
152.024
147.024
153.084
148.541
149.051
151.107
152.007
151.557
146.318
145.707
146.565
147.902
148.711
151.76
156.282
149.928
148.621
151.159
146.883
151.737
147.316
149.378
142.11
146.962
146.69
152.14
147.198
144.999
157.116
156.828
147.251
152.473
149.076
152.592
150.461
150.686
152.105
146.057
143.439
140.912
150.524
150.404
146.829
152.33
155.716
147.36
154.153
148.208
150.624
146.521
151.014
148.363
148.505
150.317
143.446
145.108
145.518
143.015
154.478
150.765
151.304
154.819
148.484
152.759
154.156
148.748
151.356
150.681
146.282
152.504
154.323
152.044
156.351
154.751
151.894
151.434
144.747
155.15
146.915
151.507
150.911
152.499
150.305
147.758
151.545
149.931
145.613
146.009
149.601
156.085
142.356
147.716
149.757
153.94
149.197
140.4
144.023
143.697
159.893
150.732
148.252
153.007
152.141
146.994
147.571
156.617
150.376
150.9
150.206
151.333
151.672
147.881
151.447
146.418
147.732
150.102
145.862
156.679
147.283
146.508
147.101
151.221
151.488
151.859
152.847
147.897
147.588
147.903
146.453
148.942
145.011
150.835
159.164
151.867
148.897
149.181
152.761
149.29
154.918
149.191
149.498
150.073
147.747
152.966
150.898
156.891
149.423
150.557
140.693
153.271
150.864
149.159
148.728
148.552
146.514
146.343
148.463
148.275
145.961
150.887
151.798
151.385
150.426
145.774
158.29
145.614
154.448
147.664
149.18
151.421
143.913
153.048
149.008
157.166
147.913
151.043
147.135
154.554
148.969
152.727
147.085
153.929
153.359
150.545
145.402
155.3
142.779
150.221
150.745
150.889
150.798
157.179
148.561
148.301
148.588
146.66
160.106
154.006
146.175
151.144
148.531
150.925
153.953
150.581
147.786
153.918
149.134
149.551
147.13
149.584
146.998
153.604
150.659
152.797
149.892
143.702
149.68
148.081
151.804
147.777
146.9
151.514
145.596
147.791
153.529
149.875
150.613
150.308
145.568
149.537
152.131
149.495
150.968
148.104
149.226
146.708
145.62
146.399
146.279
153.0
147.892
148.889
149.603
145.312
157.529
145.779
157.368
144.764
155.729
150.798
154.715
148.491
154.338
152.635
155.224
149.724
148.244
152.758
144.572
156.371
148.972
151.112
143.183
152.101
154.25
146.031
157.689
147.352
153.347
148.274
156.95
150.671
147.055
154.022
150.663
146.011
146.965
144.776
148.883
145.133
143.743
152.279
154.824
153.102
150.371
146.577
149.176
144.562
152.45
153.325
156.85
147.679
149.17
147.973
148.62
147.651
145.183
155.59
144.122
150.811
149.316
150.526
140.603
150.849
151.684
142.008
151.562
149.827
152.599
145.981
151.882
154.719
147.301
149.16
146.912
153.436
151.987
154.088
146.121
147.356
155.523
153.307
144.724
150.3
149.781
153.819
149.082
157.237
151.158
151.661
153.503
155.532
141.298
156.04
145.74
153.373
147.597
141.545
147.05
147.177
155.914
152.509
151.535
144.061
148.477
147.941
145.042
148.388
143.017
146.349
143.997
147.43
148.084
154.946
152.142
151.879
149.379
152.578
152.18
151.658
148.426
151.536
148.519
142.381
149.081
145.134
143.829
152.122
149.035
144.619
148.603
145.929
149.298
151.15
148.161
144.104
149.709
150.363
153.061
141.205
140.164
159.369
150.031
147.529
149.603
149.596
151.004
150.78
146.496
147.974
152.251
152.028
152.656
150.033
146.064
147.433
157.163
147.858
152.779
149.283
144.883
145.16
149.061
154.748
154.57
147.428
153.54
155.745
149.921
146.798
145.549
148.165
147.134
153.197
151.311
148.625
149.514
144.291
149.343
147.357
150.111
148.156
155.382
142.799
150.115
148.528
147.121
139.987
149.479
147.732
154.548
148.844
149.957
150.598
148.522
143.759
147.168
153.65
157.841
152.12
149.388
148.944
147.057
146.647
142.424
152.731
152.127
151.599
148.027
151.948
151.191
147.37
149.253
143.959
151.831
143.499
147.309
146.2
152.185
147.409
148.355
154.68
154.067
150.518
155.29
149.727
153.751
154.939
149.608
149.941
147.628
148.306
148.035
149.091
150.501
144.381
146.793
141.754
151.297
147.001
153.252
146.077
146.955
154.395
154.819
146.258
144.284
150.458
147.607
150.316
146.335
145.708
151.509
150.76
147.325
152.476
149.334
148.813
147.34
151.845
156.175
150.947
146.491
145.644
152.028
150.419
148.6
149.573
155.617
152.528
148.376
144.665
150.909
145.622
154.898
151.052
147.301
150.275
152.275
143.474
146.241
146.86
149.492
153.163
150.497
145.234
146.37
150.145
149.416
154.132
143.313
146.863
155.703
145.08
149.494
154.309
152.905
148.351
148.191
147.567
151.427
152.829
149.085
147.344
149.806
150.946
153.919
150.104
146.783
155.062
145.434
153.008
151.776
154.77
148.787
148.221
144.796
148.788
151.647
146.64
145.118
146.95
147.348
149.943
153.039
144.969
151.414
146.683
149.573
149.338
145.918
146.232
156.863
150.946
141.841
148.454
147.145
151.498
154.289
148.378
144.001
151.004
150.611
150.617
150.796
151.943
148.245
149.449
152.299
149.546
148.065
151.423
148.22
144.961
147.428
152.117
147.445
149.996
154.999
154.753
150.046
148.373
149.143
153.772
152.581
146.452
153.729
154.474
149.412
146.816
150.78
145.262
151.756
148.421
149.072
147.674
148.23
155.458
152.598
151.267
152.39
151.282
149.871
151.396
150.54
147.112
148.577
148.86
154.526
149.504
149.058
142.475
151.195
147.15
149.808
150.64
151.299
143.77
143.598
144.599
145.638
148.393
153.888
154.4
149.04
146.026
153.707
149.117
146.327
151.502
145.68
149.682
143.927
153.598
150.496
150.097
145.523
149.546
155.938
151.237
149.144
150.023
156.331
150.971
150.005
153.847
146.762
148.494
145.495
151.14
146.453
150.538
149.147
150.054
149.404
153.445
163.371
144.32
154.038
151.262
153.607
154.647
152.255
148.575
150.446
148.115
150.592
147.008
152.484
150.177
150.676
147.933
155.73
153.627
149.327
150.724
147.792
145.622
144.241
148.294
151.399
153.995
147.531
147.579
150.653
146.257
151.77
150.483
147.35
157.648
151.175
151.441
150.858
156.473
152.471
147.605
144.097
154.751
149.018
148.034
145.553
142.048
150.594
149.944
149.533
147.807
150.946
151.685
150.328
146.272
152.873
158.963
150.015
152.344
150.208
148.977
154.405
152.299
146.315
149.366
145.943
146.627
147.826
150.135
147.917
150.432
149.211
143.978
147.433
147.719
147.847
151.402
149.819
149.676
146.157
147.938
148.299
150.299
147.407
142.965
152.9
149.717
149.143
145.594
155.479
145.014
147.771
153.938
157.639
143.215
148.692
147.943
148.242
149.702
146.086
154.77
143.94
151.628
149.235
148.272
148.492
142.165
150.807
150.281
143.224
146.94
155.373
150.549
146.26
150.77
149.839
154.093
153.833
144.427
149.962
148.594
146.168
149.714
146.479
150.917
154.004
150.484
148.582
150.811
153.965
151.013
149.187
154.542
149.631
147.982
145.101
153.731
152.928
149.811
154.204
149.239
150.722
151.217
151.527
147.538
145.074
150.744
149.642
149.547
143.176
150.749
148.117
150.652
152.079
152.825
153.711
151.57
155.37
147.537
153.589
151.711
150.397
152.791
154.62
147.966
149.601
149.848
146.855
150.932
147.529
153.675
152.204
146.33
152.521
150.169
151.23
146.673
149.506
151.28
148.333
145.53
149.474
147.76
153.653
147.024
153.102
153.423
144.823
153.939
153.139
147.12
152.91
151.85
146.971
150.28
148.338
146.542
157.461
150.117
149.514
145.135
157.781
153.91
155.123
138.596
154.381
142.757
147.567
155.931
146.821
147.447
147.911
150.934
146.536
146.079
149.435
154.483
149.966
146.837
146.314
153.588
143.745
151.682
145.624
147.705
151.791
151.905
144.522
150.285
157.07
151.78
148.691
152.115
153.469
152.885
148.83
158.243
147.486
149.941
149.843
153.886
147.046
148.15
143.613
148.044
156.472
149.833
148.634
151.178
151.732
158.474
150.972
148.395
144.422
150.551
146.583
154.738
148.934
156.397
153.351
153.456
157.719
149.561
153.684
148.852
151.323
148.92
152.824
148.294
152.287
152.877
147.3
146.467
143.551
148.905
147.026
154.915
150.054
148.741
145.766
152.918
147.633
150.38
152.626
148.122
152.45
150.101
150.806
158.484
142.689
148.932
157.261
142.255
146.57
150.833
152.502
150.095
153.696
149.444
147.713
149.314
150.823
149.396
155.485
152.479
148.945
145.422
146.937
151.584
146.286
151.473
149.486
149.939
141.567
147.624
152.076
146.779
149.452
151.516
144.341
151.87
148.129
158.408
142.465
147.599
152.112
145.181
140.7
143.487
151.899
152.099
151.414
146.607
145.885
147.423
149.163
150.106
148.334
145.284
144.495
148.538
148.909
147.24
152.236
146.575
150.652
159.398
151.442
148.817
149.054
150.941
145.938
152.119
149.365
153.527
148.591
151.887
146.436
151.508
147.546
147.693
148.49
148.003
146.848
148.228
151.491
146.155
144.559
149.726
147.65
152.737
147.102
149.548
147.518
145.245
151.096
145.45
145.172
145.601
153.222
145.872
148.218
155.854
149.918
147.709
147.464
150.681
146.64
149.459
152.895
148.447
154.651
147.047
139.593
149.138
149.574
142.89
148.607
149.524
153.914
146.663
149.757
151.866
147.201
146.01
157.244
151.059
147.337
150.553
149.227
146.85
149.642
149.06
145.22
147.734
148.585
139.989
149.61
149.947
149.941
147.063
150.054
151.83
141.467
145.15
147.857
147.975
146.685
148.745
147.731
147.398
148.565
147.813
154.143
147.068
150.285
151.548
146.533
149.118
140.934
152.387
145.943
145.851
148.235
153.563
147.73
156.27
148.598
147.63
150.091
149.469
158.138
152.514
150.385
148.194
150.748
152.598
149.746
155.885
151.241
148.726
146.407
153.993
152.768
139.087
147.493
152.493
156.434
149.438
155.621
149.209
150.788
144.749
152.564
155.143
158.838
144.341
149.89
145.512
150.674
149.465
146.785
143.853
148.41
151.32
153.378
151.469
148.196
150.669
151.827
147.883
151.515
150.138
150.038
149.79
145.016
150.367
154.992
151.564
149.186
147.805
150.705
150.817
152.693
148.817
152.551
147.195
156.906
151.976
145.448
153.188
146.564
152.377
148.55
155.366
145.107
145.987
150.911
150.672
148.402
145.391
149.993
154.133
153.51
139.755
154.528
153.042
147.028
155.205
153.669
151.978
155.888
146.203
150.801
147.358
150.657
153.625
146.298
149.342
148.466
147.211
151.845
149.073
148.034
145.696
148.833
151.307
148.918
152.697
156.987
147.876
145.455
145.555
148.743
148.282
152.57
152.067
148.758
151.261
150.711
153.468
153.477
153.494
142.378
154.256
151.424
152.688
152.103
154.726
145.527
145.65
144.373
153.243
148.345
150.523
149.075
156.185
146.287
145.076
149.232
149.315
148.599
151.252
159.895
144.96
149.773
152.93
145.69
152.16
152.914
148.41
156.058
143.366
154.624
148.184
154.563
152.287
151.559
153.452
147.448
150.793
156.84
156.342
147.618
148.841
145.591
148.837
150.249
146.69
148.038
148.111
149.347
143.627
157.363
146.077
148.366
141.9
152.329
143.879
152.36
154.24
145.986
147.646
151.108
143.008
143.683
153.319
149.488
152.994
152.604
151.306
149.374
149.809
151.964
153.299
150.767
148.711
159.981
152.672
148.528
152.91
147.02
150.901
150.834
150.667
159.585
149.287
151.605
151.434
152.53
150.276
152.612
147.156
144.306
145.212
144.723
146.494
146.276
144.275
145.214
150.602
150.41
151.444
151.549
152.779
153.47
148.36
145.389
144.072
150.115
148.86
147.739
152.255
144.52
155.957
148.696
149.596
154.253
147.506
150.078
152.093
146.511
144.554
155.619
153.56
145.555
155.473
146.436
148.332
151.042
147.73
154.557
149.319
154.197
153.102
148.53
144.345
149.23
148.595
151.003
152.7
146.631
147.143
151.377
143.949
151.831
148.324
150.211
149.479
143.273
144.312
147.911
151.191
148.933
150.841
148.956
147.068
153.166
148.463
148.568
147.907
149.842
157.2
156.816
145.295
148.378
152.478
146.223
155.175
148.069
147.017
143.304
153.67
145.699
147.593
147.938
147.018
144.173
146.774
147.605
149.344
149.274
154.046
149.71
149.624
155.912
144.172
147.251
151.955
153.436
153.556
152.744
144.319
151.372
153.199
143.736
147.143
150.43
151.489
149.877
148.592
144.988
141.248
146.142
141.97
149.117
142.38
146.774
152.388
151.177
145.989
149.328
146.736
150.64
149.947
149.968
153.3
152.952
146.718
155.678
150.507
144.207
150.984
148.898
153.747
143.726
150.6
147.656
146.47
156.846
143.593
150.773
155.343
148.685
144.521
150.93
156.646
144.234
149.769
154.383
150.96
154.688
149.145
150.833
148.126
148.027
146.826
150.466
152.115
152.564
154.097
154.03
148.276
149.406
152.216
146.877
150.537
145.174
152.948
148.274
143.843
147.947
146.545
150.162
145.844
151.411
152.393
150.133
143.479
148.21
144.338
153.631
146.583
150.552
147.748
144.118
151.971
144.952
148.316
153.89
148.693
151.929
149.437
147.625
151.934
149.994
158.835
152.642
148.701
150.334
148.59
148.7
149.469
152.42
145.846
146.042
149.421
144.888
149.203
151.662
152.253
149.298
147.869
150.416
152.427
159.583
151.423
149.659
151.435
150.559
141.519
151.191
156.188
150.215
148.239
154.502
150.694
154.984
150.588
145.102
149.172
149.728
153.296
151.474
149.456
151.516
148.795
152.904
144.984
148.857
147.853
152.246
142.204
151.695
149.805
154.026
147.522
147.998
145.52
151.349
151.39
147.846
144.694
149.79
156.59
145.979
155.427
150.971
148.655
145.337
146.343
159.846
150.744
152.697
150.586
148.88
145.816
141.43
146.574
147.462
154.733
150.654
148.749
150.673
148.175
154.201
152.493
146.027
146.529
146.167
145.777
156.005
150.456
152.714
147.96
147.299
142.462
153.273
153.681
156.709
148.462
146.432
147.7
149.105
152.236
143.32
148.404
150.642
153.156
150.323
149.143
146.57
154.247
147.942
150.72
143.624
155.842
151.073
149.922
150.254
148.75
145.149
151.723
144.458
145.21
154.982
156.582
147.691
148.914
150.852
148.504
153.286
151.266
143.749
158.7
146.261
147.755
153.017
153.473
150.957
154.781
147.193
156.946
151.936
152.625
146.994
150.946
158.305
150.011
145.29
146.857
154.412
147.759
147.172
159.452
146.136
149.798
151.35
151.077
148.215
153.068
151.539
147.989
144.279
141.275
153.414
146.922
152.431
147.87
145.472
148.164
149.925
146.812
152.173
151.402
149.801
144.972
151.449
149.342
153.358
148.32
151.871
148.883
148.176
148.165
144.893
149.482
148.176
146.054
152.124
148.05
153.488
145.549
154.524
146.092
143.65
148.805
155.152
158.15
152.687
152.754
152.683
149.422
142.227
151.53
149.61
150.932
147.07
155.583
151.627
152.016
148.196
153.295
144.916
151.353
147.327
144.824
143.376
151.223
151.263
147.597
147.773
154.189
145.924
152.597
160.106
151.415
154.816
148.349
151.345
146.223
147.606
152.834
158.374
153.089
157.608
149.378
149.711
156.023
147.698
144.063
142.659
147.93
146.23
150.62
147.467
147.166
153.789
150.533
146.193
151.385
146.967
153.132
146.526
151.981
146.267
143.167
149.792
147.735
150.44
146.942
145.977
148.815
153.385
150.107
145.611
144.404
147.671
148.006
151.09
147.202
149.838
152.264
152.279
154.268
151.883
155.974
151.896
143.632
151.973
154.848
148.764
149.06
143.807
147.123
151.334
145.99
147.736
148.567
148.878
150.858
153.124
145.908
147.328
149.527
151.872
146.812
154.019
152.875
148.047
143.22
146.243
154.868
145.797
153.374
146.712
146.786
149.357
148.498
150.862
147.78
147.919
161.935
142.852
149.258
146.408
144.895
144.674
152.797
153.501
151.534
150.11
149.664
151.857
150.386
149.682
150.667
148.782
153.613
150.631
153.009
150.478
149.66
142.685
150.444
145.639
147.856
148.341
149.543
148.763
143.338
153.11
154.141
149.402
151.258
146.143
144.994
156.618
150.091
148.274
148.217
147.144
145.821
151.588
153.148
152.397
151.753
153.078
149.224
150.513
151.382
145.678
153.082
146.1
140.694
150.624
151.616
145.365
150.289
150.477
148.02
158.182
151.843
151.051
143.355
154.564
151.58
150.164
151.955
150.144
158.884
146.173
141.135
156.272
151.554
154.997
143.176
154.209
149.798
145.506
157.01
153.72
147.355
150.596
154.696
143.448
151.48
154.278
149.372
148.881
149.49
149.725
150.813
150.524
151.711
150.222
152.989
148.213
151.825
151.997
147.731
147.597
143.752
146.579
154.022
154.644
154.366
152.058
151.42
152.11
150.096
154.677
151.298
155.587
151.707
149.742
153.739
142.082
153.442
154.732
151.82
147.959
150.187
145.482
146.062
153.933
149.431
148.805
151.794
147.804
145.893
149.621
150.678
151.488
146.132
145.276
143.388
147.777
148.643
150.315
147.15
153.159
149.095
142.815
150.326
147.072
150.113
140.087
153.556
150.04
149.931
151.143
148.565
147.436
153.051
153.016
143.619
149.086
146.605
152.214
152.537
146.641
150.532
146.799
146.676
146.6
147.521
143.665
151.617
146.619
153.43
146.202
153.637
147.578
147.296
151.149
145.88
152.63
143.495
157.271
148.524
151.005
150.47
145.801
145.096
152.053
148.722
146.649
150.577
147.277
149.106
153.178
149.883
141.657
148.713
154.117
153.172
150.699
146.557
154.058
147.564
147.682
152.584
143.901
150.305
150.047
146.041
147.013
150.28
149.564
149.343
146.157
149.551
151.01
152.442
143.838
142.737
147.791
140.706
149.046
146.291
149.963
151.965
146.981
154.635
158.383
150.646
150.26
147.383
151.509
147.613
139.438
147.626
147.318
149.548
154.944
151.354
152.804
142.887
152.995
138.829
148.466
150.323
145.244
153.672
147.848
151.583
159.862
153.112
143.25
147.666
147.171
152.391
147.545
152.661
150.846
143.948
146.968
148.415
152.444
146.495
147.241
154.506
152.075
151.54
152.267
152.913
149.02
148.733
151.63
149.04
148.248
150.666
153.13
152.796
149.453
148.775
147.433
146.427
156.997
148.724
148.052
151.197
150.938
152.777
148.929
152.356
149.743
150.064
151.168
147.455
148.488
153.84
144.381
149.002
144.714
151.115
149.005
157.705
146.403
146.501
145.949
147.912
145.463
146.45
144.585
144.558
148.562
153.989
146.161
158.445
148.952
152.748
147.713
149.901
148.093
152.805
146.566
149.309
152.137
151.884
151.312
151.008
148.173
156.658
150.567
151.461
156.001
151.614
150.132
147.153
144.886
148.539
149.157
155.184
153.2
150.96
156.248
154.731
151.955
152.254
148.545
154.326
155.65
155.383
153.284
154.944
150.187
153.303
147.366
153.504
147.414
142.079
148.007
145.295
153.65
147.913
148.876
148.532
151.842
144.791
148.596
154.254
150.467
147.978
148.235
158.328
151.737
152.368
151.954
153.395
154.403
153.55
147.043
152.249
156.272
154.7
147.79
147.536
151.193
152.6
151.684
151.77
149.165
151.434
149.07
143.046
145.495
147.166
145.259
154.285
146.867
147.454
147.299
154.142
152.582
146.173
150.711
148.065
145.815
150.26
152.339
155.679
153.062
145.553
150.355
149.526
146.762
150.385
146.583
154.953
154.551
148.507
144.568
150.069
142.85
150.883
150.491
141.639
148.531
152.284
157.635
148.679
150.238
155.703
153.54
145.101
149.363
145.33
156.634
147.161
147.8
145.581
150.872
155.349
150.264
153.648
151.387
148.551
149.109
149.575
148.234
150.734
149.303
143.698
148.965
143.182
142.532
152.949
146.59
148.695
150.136
149.732
147.841
148.217
146.858
145.173
149.183
149.552
145.702
150.151
145.845
147.487
150.601
155.491
153.207
147.035
145.789
155.722
144.096
152.169
146.222
155.009
145.127
151.358
144.198
151.13
151.984
148.675
153.912
149.832
154.004
144.417
147.537
145.885
149.034
150.082
149.169
152.029
144.427
153.648
148.435
145.768
151.741
146.352
151.884
153.771
152.319
142.629
146.523
150.968
149.629
158.162
147.073
144.168
158.537
149.079
149.522
146.485
145.597
149.217
153.174
144.024
153.695
149.193
155.776
153.049
148.272
151.868
152.1
146.971
152.189
144.74
147.264
148.164
141.205
147.085
148.041
154.15
147.344
152.614
147.081
151.13
154.168
141.688
149.987
149.911
153.708
144.828
150.457
147.882
144.283
144.686
154.966
151.021
150.445
149.945
153.65
151.83
156.284
150.181
148.053
145.397
149.539
142.881
149.934
149.108
148.866
151.052
147.774
150.392
155.614
152.911
147.245
149.378
151.428
152.661
147.335
148.817
146.099
145.699
151.835
147.01
144.65
147.538
144.542
148.697
147.715
147.737
149.808
150.858
154.782
141.606
148.601
148.328
155.076
151.579
148.408
143.373
150.695
150.429
152.67
146.716
150.695
147.227
156.26
144.521
149.568
149.148
148.7
147.162
155.142
150.371
150.879
146.512
149.119
152.697
150.675
148.934
153.113
152.339
147.438
153.122
149.565
146.342
147.975
151.352
154.654
152.514
150.752
146.527
154.558
154.423
156.162
159.144
154.259
149.048
149.156
148.651
145.154
155.959
147.344
152.573
150.586
150.463
147.54
152.052
151.515
147.891
151.769
149.75
144.454
153.977
149.276
150.775
149.02
149.445
147.883
147.207
155.721
148.957
149.81
145.434
149.264
151.465
149.987
154.737
153.051
151.379
144.014
150.051
146.92
149.758
160.015
146.733
152.747
150.764
150.872
146.198
153.787
151.655
150.741
150.423
146.963
149.802
149.644
148.06
149.43
148.814
152.758
141.632
144.977
144.009
147.884
148.691
146.001
148.895
146.946
147.397
147.403
151.74
147.019
149.785
147.436
149.774
150.852
150.332
153.313
152.577
140.083
147.398
151.211
148.779
150.358
148.181
149.366
150.976
143.97
151.934
145.498
147.195
155.919
152.172
148.152
149.584
150.124
146.27
149.144
151.003
148.931
148.52
150.766
151.625
142.827
147.016
152.732
143.125
146.475
151.413
152.839
153.53
151.99
154.185
147.352
149.923
149.11
151.245
149.181
144.765
146.94
148.512
145.651
148.563
150.793
146.998
149.828
155.228
145.005
155.43
150.393
158.591
148.404
154.014
144.973
139.712
152.296
155.286
152.827
155.488
151.824
149.315
146.756
140.42
152.682
149.1
142.081
154.208
149.626
143.713
151.91
151.137
148.991
145.929
149.604
150.389
151.528
152.292
148.756
146.544
149.696
156.09
154.651
155.864
149.356
143.808
151.52
147.013
145.332
146.552
154.233
155.909
147.536
151.847
147.626
144.255
145.6
147.495
151.038
151.397
150.417
145.236
145.056
145.534
151.624
148.485
151.27
150.17
148.353
144.457
156.228
148.08
155.182
145.795
152.906
142.272
151.931
151.254
150.597
155.345
142.15
152.068
147.206
151.161
156.118
153.058
151.023
152.124
147.488
144.969
147.464
150.324
151.381
147.442
151.57
145.913
144.229
147.243
145.19
145.25
153.868
147.402
149.623
147.392
151.195
153.421
147.246
150.034
148.928
150.094
155.804
151.17
156.097
147.362
144.126
154.365
148.351
150.49
156.638
150.3
149.312
147.617
145.565
156.694
149.664
150.028
144.102
150.283
157.1
147.15
149.423
143.59
151.338
154.866
156.245
150.419
154.943
153.323
146.823
145.969
147.273
152.713
155.399
143.752
142.374
146.085
145.388
147.198
148.173
150.593
149.171
146.195
145.553
147.027
153.819
152.29
145.277
149.644
149.597
152.35
143.735
150.172
153.183
143.992
146.023
148.775
148.564
143.062
144.171
150.321
148.215
142.747
149.868
150.24
147.726
151.226
146.013
153.876
153.665
152.782
148.581
152.173
148.185
145.967
146.379
157.425
153.545
144.321
151.896
150.741
151.97
143.915
144.528
155.836
153.549
148.04
149.903
147.299
150.889
145.304
153.046
146.992
152.511
149.104
142.723
149.632
145.992
151.425
151.64
150.395
148.636
151.387
147.208
154.988
152.457
151.538
150.813
145.936
143.038
154.569
148.984
147.559
150.288
151.008
151.81
147.814
149.137
144.687
152.874
147.102
151.081
150.542
153.12
148.855
153.893
148.252
148.872
151.84
156.769
151.035
151.283
153.706
148.18
149.763
152.313
146.699
143.277
150.46
153.502
147.284
152.313
147.502
149.671
149.221
144.535
147.078
157.834
148.831
146.653
151.133
153.885
137.58
144.988
150.863
150.902
145.837
144.001
147.271
151.044
153.756
151.04
150.734
148.976
144.917
151.286
149.317
155.777
154.529
146.458
154.202
149.056
152.311
149.599
154.761
151.981
158.571
147.855
155.137
148.474
149.436
150.368
149.877
143.093
155.362
152.071
147.62
146.108
149.502
154.045
149.062
154.079
150.47
150.949
147.383
150.993
149.794
159.304
147.501
145.471
148.244
154.951
151.397
149.221
151.748
144.902
146.735
152.237
150.52
150.26
146.371
147.877
149.544
145.637
151.03
153.63
148.935
146.236
148.936
151.585
151.274
149.867
142.763
155.37
148.423
154.34
141.908
149.901
139.951
152.238
149.395
146.811
150.01
149.39
145.723
148.056
150.328
152.669
140.086
148.464
147.237
145.197
147.694
148.357
145.579
153.749
153.225
154.249
156.631
148.423
151.302
149.667
151.071
143.86
150.632
150.489
147.704
150.839
154.544
145.291
138.483
156.23
149.446
154.028
148.091
148.546
146.345
147.547
152.875
151.62
150.414
151.017
149.423
150.084
150.264
152.448
148.675
148.242
142.876
150.849
145.295
150.11
152.804
151.676
145.464
144.315
142.774
156.611
145.473
151.646
148.268
145.682
151.013
152.401
144.95
145.761
150.781
155.545
154.454
155.988
146.668
156.512
148.528
149.923
146.893
151.646
151.023
152.779
150.325
147.001
146.134
153.071
150.297
148.041
147.414
144.018
155.011
156.931
150.956
147.732
147.171
152.095
147.592
148.91
147.552
146.065
151.332
148.696
152.949
148.514
150.35
147.54
151.325
151.576
153.457
155.564
146.006
149.478
152.902
151.944
154.96
144.757
145.508
146.415
152.778
151.404
147.993
147.0
156.808
151.459
149.612
139.303
149.794
148.785
143.192
151.788
145.687
150.194
152.68
153.102
153.295
147.826
150.396
146.881
148.491
149.441
156.835
152.251
156.146
141.758
150.034
155.182
144.341
150.947
149.587
145.695
149.873
155.356
151.342
150.976
155.057
147.293
151.301
143.433
149.132
154.777
148.008
154.88
146.985
146.783
149.742
154.074
154.182
147.957
153.085
150.321
150.568
146.13
145.207
147.053
149.925
149.296
148.264
145.95
152.512
144.588
149.018
154.47
148.367
152.674
152.785
149.697
149.13
156.336
148.466
146.746
150.181
152.534
145.011
151.824
148.225
146.573
150.704
154.376
147.627
147.22
151.055
148.167
151.222
150.534
153.025
146.833
157.52
154.865
146.259
143.376
152.357
148.948
143.053
147.36
143.615
145.331
154.005
144.142
148.619
152.165
148.893
142.111
147.842
152.444
148.11
153.073
151.674
149.274
146.754
153.784
147.323
147.447
143.823
151.22
146.417
149.181
151.774
150.354
158.036
155.163
144.53
150.202
152.695
151.854
155.945
148.531
151.669
151.66
142.346
149.578
150.032
148.687
150.793
153.392
148.433
152.619
136.914
148.75
147.703
144.331
150.682
147.917
150.852
157.353
156.915
147.781
146.387
150.399
143.704
145.515
156.861
148.064
147.348
153.931
145.867
154.464
151.956
148.001
155.338
148.922
145.681
157.815
150.308
149.364
148.545
147.758
149.014
154.18
151.143
146.973
159.698
149.954
145.393
149.97
147.776
144.984
149.845
148.209
145.183
146.745
139.076
154.555
148.416
148.724
149.877
155.571
149.875
144.704
148.203
144.46
147.777
147.654
152.3
147.867
156.649
148.63
154.505
145.885
146.751
149.047
150.006
152.151
148.829
154.865
143.864
148.301
153.095
149.105
152.659
155.58
146.766
151.646
154.746
154.371
145.333
152.088
155.286
152.687
149.245
151.856
149.423
151.539
153.121
153.763
150.287
151.288
143.914
148.721
147.768
150.882
142.075
148.687
150.342
147.84
152.123
146.219
145.114
147.444
150.3
149.553
143.724
149.512
147.565
152.386
145.711
150.616
149.414
144.018
154.78
147.477
145.451
147.438
146.617
148.301
147.406
146.417
157.429
148.68
148.033
142.206
144.679
151.906
152.607
147.882
144.652
141.788
147.114
150.572
147.395
146.649
156.16
149.447
149.278
151.334
149.614
148.824
150.336
147.502
148.584
150.518
149.579
146.0
154.483
147.728
150.911
145.671
148.522
152.75
147.977
152.212
147.412
155.375
146.047
145.642
159.635
144.995
151.713
150.827
149.168
151.059
146.032
150.275
144.378
155.779
147.17
148.431
141.846
150.155
149.085
151.881
152.16
148.881
153.171
145.838
152.308
154.907
148.21
151.826
146.712
154.398
147.873
150.232
146.384
148.995
148.778
148.25
147.607
145.208
146.053
142.081
149.539
152.206
144.83
147.834
146.014
154.646
155.286
147.461
151.275
145.565
147.401
147.637
144.843
152.645
158.202
154.845
153.852
141.564
138.652
151.741
150.831
148.903
155.947
149.827
145.112
149.401
149.085
150.965
155.095
144.18
140.52
154.798
145.812
148.024
151.173
141.753
142.497
147.61
149.746
150.894
147.076
148.814
150.976
143.303
150.838
146.485
147.859
149.318
154.653
149.11
154.228
148.261
146.937
155.672
145.713
141.998
148.973
148.969
154.419
154.901
152.176
149.762
151.591
146.515
145.385
155.279
148.267
147.85
150.059
155.626
151.134
150.892
149.972
146.19
152.68
151.039
145.672
145.285
145.931
152.749
149.774
148.154
144.653
148.856
146.392
154.22
154.871
147.297
144.367
148.096
145.526
152.887
152.358
147.586
146.916
146.562
159.565
151.623
153.626
147.937
148.175
145.143
152.628
154.958
149.816
151.741
148.539
148.989
149.305
154.215
146.399
148.916
144.724
150.114
147.088
148.341
151.191
146.642
152.148
153.392
156.352
150.233
146.324
150.565
148.621
154.249
151.105
144.713
151.018
151.79
142.415
148.919
151.539
150.924
150.55
149.553
148.345
153.265
153.026
157.381
147.597
147.577
151.353
148.369
145.235
149.85
149.62
149.124
152.972
144.415
155.064
148.824
153.851
154.526
154.147
148.461
148.6
149.936
143.709
146.666
150.482
147.272
149.831
155.303
151.558
150.597
152.303
152.654
155.096
151.357
143.893
146.884
142.592
153.511
153.0
151.518
146.599
153.202
154.288
152.591
155.118
146.744
152.529
143.021
146.846
152.886
147.152
152.964
150.161
143.17
152.318
145.823
148.772
143.053
154.26
149.993
152.374
155.639
148.557
152.258
145.924
151.126
150.873
150.685
152.671
150.651
153.202
149.708
144.285
147.004
150.793
149.685
147.198
145.444
148.032
151.741
148.931
146.818
145.758
150.985
149.131
143.135
155.117
148.084
153.596
150.771
150.212
150.93
147.694
147.962
147.847
146.322
153.206
146.072
145.987
147.244
146.935
147.78
143.742
145.465
153.991
151.621
147.6
150.695
150.407
152.745
147.738
147.359
150.417
145.025
154.923
152.399
150.786
153.596
149.965
149.618
148.631
148.739
150.429
150.852
154.884
150.715
146.288
148.483
151.635
150.783
150.568
152.095
150.357
152.426
152.548
144.642
148.697
151.314
156.247
151.108
147.214
147.433
150.355
151.898
149.217
152.517
150.654
146.75
151.896
146.721
148.753
147.869
154.093
155.087
147.711
151.646
155.437
150.682
156.155
153.272
146.977
148.914
150.902
149.006
144.496
151.094
148.664
157.708
148.944
142.602
153.866
141.999
148.748
152.331
151.59
155.846
148.259
146.069
149.408
151.464
143.55
154.44
158.327
149.994
151.242
146.237
143.968
152.278
150.297
155.314
148.543
147.842
145.245
153.259
155.507
148.725
155.106
148.452
144.626
149.231
154.263
151.783
151.95
148.98
149.947
144.115
149.416
147.007
150.888
150.578
146.76
154.765
147.858
153.941
148.23
149.631
146.842
153.848
148.625
148.472
147.268
157.103
151.497
154.077
148.363
143.55
140.788
144.028
146.471
147.267
151.05
154.022
147.852
144.457
145.117
151.874
148.342
148.329
150.767
147.973
147.297
149.417
145.129
152.308
145.584
148.23
150.582
149.991
144.229
155.133
145.499
151.103
146.574
145.757
152.704
152.699
151.557
146.035
148.41
145.792
143.628
145.829
152.248
154.005
145.927
153.175
146.326
151.704
151.792
148.911
145.867
150.043
147.972
153.483
151.088
146.185
151.745
151.787
149.143
146.158
155.829
144.434
151.713
152.009
149.182
144.889
148.607
144.573
145.407
145.974
147.672
155.374
151.865
149.937
150.941
147.94
155.882
153.815
147.507
146.166
160.848
153.217
147.743
151.586
151.233
141.746
152.074
147.233
148.975
153.327
152.157
147.649
150.75
145.061
152.805
150.884
147.487
147.393
147.424
148.467
148.12
150.163
150.729
147.814
150.692
144.069
155.077
152.651
143.841
157.82
154.233
150.941
150.213
143.946
151.206
146.432
156.266
144.106
155.044
147.204
155.121
144.546
151.069
146.163
154.222
150.785
157.745
147.01
150.126
148.018
153.93
142.061
149.894
151.41
154.859
147.448
152.54
153.167
149.938
145.5
155.765
146.7
150.407
151.989
143.255
149.019
143.607
147.649
146.647
149.594
147.677
148.685
151.052
153.574
147.107
157.324
148.222
147.342
151.603
152.723
153.944
148.981
149.589
143.022
148.096
146.184
146.136
145.302
155.702
146.573
144.401
151.841
147.025
144.091
148.795
153.536
148.115
148.716
148.435
148.244
152.313
147.747
152.648
156.537
152.783
146.585
148.045
146.445
150.858
150.108
149.863
151.121
149.496
148.957
148.568
146.273
155.124
150.716
146.921
144.237
151.823
146.616
147.013
148.894
148.241
147.138
151.31
149.212
149.736
148.896
146.524
147.105
147.656
150.981
150.179
150.753
147.85
150.074
147.158
155.251
148.165
145.766
151.843
146.961
149.538
154.701
150.696
148.352
146.773
146.678
148.754
154.495
150.073
154.231
145.245
149.176
148.1
147.549
144.053
148.641
156.889
155.04
147.069
148.687
146.863
147.524
149.935
148.291
151.298
152.757
149.433
152.218
148.471
151.49
152.485
153.675
148.247
148.727
147.82
149.01
157.362
152.214
146.675
148.445
150.454
141.237
155.637
155.975
153.262
149.76
152.108
150.642
148.374
143.445
148.036
148.405
154.237
154.668
152.201
153.867
155.082
147.321
148.881
147.41
150.994
154.354
153.738
150.977
145.401
151.566
151.107
155.44
148.365
146.562
148.19
152.467
144.472
152.907
150.489
149.088
151.985
159.617
148.432
151.437
151.284
157.172
149.089
146.513
150.082
151.405
145.364
149.309
155.251
146.293
150.087
145.197
150.749
144.672
151.56
151.557
153.185
149.676
143.387
155.824
153.168
142.204
147.349
150.108
145.976
157.364
148.86
150.113
149.65
149.212
145.902
148.039
148.607
145.264
150.271
146.336
149.666
148.377
148.823
149.098
147.088
154.646
148.613
151.496
145.8
158.239
155.827
151.953
144.851
148.735
149.045
152.366
147.631
146.169
147.759
152.621
153.527
148.664
149.857
147.317
150.729
143.294
152.014
153.58
151.317
152.26
144.742
150.561
143.043
153.391
149.932
145.964
156.563
146.108
148.711
155.666
147.844
145.176
152.081
150.973
145.006
157.178
150.306
151.509
150.267
152.793
140.051
146.048
153.621
148.744
146.726
148.587
147.786
148.246
148.325
151.449
147.616
148.09
150.878
147.533
148.026
150.226
157.923
152.397
150.133
148.195
154.348
150.152
154.582
151.248
152.109
150.416
148.824
141.857
152.983
152.059
136.669
150.729
155.617
141.264
144.402
147.717
152.41
143.068
150.462
148.127
148.029
150.946
142.015
149.23
145.683
147.212
150.404
146.036
144.662
146.986
151.525
143.226
150.46
152.375
149.759
155.054
150.114
144.38
148.014
153.733
145.188
149.373
151.55
145.806
141.457
148.989
154.14
153.025
148.45
148.194
145.955
153.757
150.939
144.087
145.381
147.083
147.347
142.26
150.123
148.007
148.189
148.383
146.946
151.04
151.597
150.37
144.991
147.427
147.045
153.091
152.994
142.732
156.846
143.499
150.344
150.962
158.14
153.932
149.335
150.736
152.631
151.694
156.4
149.533
153.737
147.813
146.745
152.035
151.045
153.909
147.113
155.258
149.904
148.736
154.806
142.86
151.0
146.076
148.084
148.568
149.261
152.523
151.904
149.113
153.035
149.737
151.996
149.931
146.13
148.947
147.114
151.529
152.778
149.114
153.399
150.316
152.603
151.462
157.207
150.789
151.26
144.174
152.507
151.261
149.46
155.581
149.37
150.825
151.835
149.487
151.107
154.06
149.982
154.862
149.678
150.95
148.109
151.576
151.173
152.523
157.278
150.949
144.894
150.145
150.875
149.798
149.014
153.653
148.046
150.038
150.609
156.333
153.653
149.191
152.84
146.788
148.352
153.141
146.4
150.468
152.202
153.128
151.307
145.568
150.367
146.121
146.346
150.065
145.057
152.617
152.944
149.474
149.249
144.432
144.008
143.923
154.507
154.63
148.69
142.664
149.411
146.102
152.304
147.493
142.971
151.557
153.529
153.143
148.527
144.954
152.195
154.949
150.809
151.175
153.086
150.07
151.11
153.023
152.832
148.441
145.31
146.062
147.149
149.184
161.258
148.237
150.783
150.672
150.393
149.427
144.526
148.676
148.744
149.863
151.356
147.854
149.536
155.303
156.518
149.229
150.757
153.456
147.543
147.327
153.992
150.638
150.482
148.955
147.564
154.737
150.073
146.856
147.432
151.718
146.484
146.186
149.286
146.957
150.538
153.108
149.971
149.345
148.597
155.095
153.046
145.8
151.516
153.436
142.898
154.5
152.756
146.63
152.348
150.355
147.912
150.446
152.252
151.472
148.107
146.13
149.453
147.222
149.892
146.086
151.925
153.972
147.856
150.186
156.789
144.878
147.528
158.282
150.374
153.095
147.684
148.263
153.673
152.001
149.526
149.306
152.25
151.233
143.817
147.859
152.203
153.765
153.369
150.649
151.57
148.696
149.441
153.457
150.366
147.105
149.54
144.769
144.357
149.702
148.783
156.013
148.068
150.973
153.557
155.831
154.044
145.541
145.158
148.739
150.119
146.435
153.276
151.167
152.907
152.108
148.523
151.748
151.216
148.185
142.791
148.64
154.456
157.335
146.069
147.562
149.045
149.458
150.574
146.743
149.832
151.576
151.63
156.348
145.659
147.017
145.999
147.551
149.968
155.616
152.076
151.854
145.008
155.604
152.648
149.929
155.125
150.059
150.875
151.448
147.828
155.924
146.024
144.849
149.109
152.13
150.012
144.109
154.094
149.157
151.509
147.109
145.942
152.78
149.761
149.218
145.816
156.583
152.999
147.721
155.042
146.28
149.367
154.186
150.12
148.874
145.153
153.253
148.898
143.934
144.567
148.426
152.963
151.725
155.111
151.47
146.385
151.148
144.004
141.585
153.29
148.435
150.442
153.696
152.705
153.292
150.168
145.413
147.53
148.847
151.524
146.645
144.347
156.516
144.956
151.44
146.591
154.065
149.366
153.529
147.787
150.285
152.123
146.365
148.305
153.58
150.497
144.514
148.089
147.47
149.444
152.275
152.327
147.872
148.703
142.567
156.086
151.004
145.57
147.708
151.543
149.864
157.477
147.07
145.136
156.083
146.676
145.472
144.768
153.776
152.099
151.052
149.549
154.144
141.45
155.497
155.121
149.703
152.867
152.675
152.642
150.122
145.63
148.592
150.311
150.444
151.4
151.185
154.271
155.647
149.638
147.619
148.599
146.068
154.919
156.438
146.078
151.729
148.669
154.858
148.53
144.913
147.919
152.62
148.39
147.543
147.939
148.248
150.572
147.497
152.527
151.044
145.626
149.42
158.335
149.809
145.155
145.388
152.623
150.358
145.015
154.028
143.195
148.282
146.592
152.504
146.412
152.185
149.477
153.311
151.123
146.477
149.077
153.339
147.435
143.237
145.441
150.059
146.767
148.642
148.847
150.752
157.289
156.257
149.139
151.823
152.01
155.872
151.22
150.151
143.934
146.181
145.959
144.944
143.825
149.653
150.978
146.98
155.226
149.056
155.921
146.106
154.167
150.549
150.534
148.333
150.56
148.099
145.893
147.905
145.58
152.03
152.299
155.723
147.849
147.185
150.958
146.481
150.167
154.517
149.787
149.055
148.724
146.084
149.564
149.664
150.414
152.923
149.633
157.637
148.71
148.888
151.617
146.881
152.32
145.428
148.403
149.795
152.972
147.369
149.673
147.836
143.395
153.334
149.629
149.169
147.793
145.661
148.438
152.826
147.741
147.8
153.3
152.896
149.019
147.649
144.088
148.551
147.439
145.767
149.843
147.821
148.511
158.773
149.911
152.04
153.365
144.028
149.801
150.061
144.648
147.118
145.579
142.407
154.258
152.156
145.366
144.957
147.663
143.183
155.644
149.141
149.041
148.476
152.652
142.495
149.283
149.1
147.958
153.19
147.026
153.261
147.266
147.623
155.935
148.974
144.545
145.665
151.996
147.08
147.98
154.891
145.362
149.242
144.318
151.179
149.503
143.885
149.525
159.836
153.829
151.862
149.954
146.227
149.516
158.143
150.836
152.002
148.854
151.527
146.974
149.918
151.088
149.082
148.298
151.011
151.171
149.932
145.981
155.842
150.89
140.572
147.682
154.499
152.994
150.307
145.121
153.684
150.412
152.48
148.43
140.814
153.442
145.858
150.039
148.067
149.054
147.293
150.924
148.973
149.166
150.067
152.816
140.803
153.878
149.323
155.007
138.963
146.793
145.996
149.446
152.761
153.245
149.326
145.682
156.421
148.644
149.103
148.825
150.815
153.042
154.229
143.907
143.159
154.98
145.199
156.52
150.682
153.463
155.563
156.679
149.66
152.373
151.857
149.05
149.179
148.008
153.162
143.479
148.749
154.908
145.733
148.69
147.369
146.646
149.801
147.08
148.001
152.406
138.399
146.945
147.887
147.886
151.481
148.034
147.48
150.498
149.468
150.147
153.938
153.322
153.052
151.902
147.464
149.953
148.503
151.357
151.09
149.753
155.087
154.144
153.282
154.233
155.134
149.483
141.654
157.317
154.574
151.191
146.29
151.154
146.15
156.36
153.168
152.196
153.425
150.761
150.728
147.554
150.81
150.15
149.113
150.988
145.547
143.207
151.889
148.475
153.186
147.854
146.198
156.107
151.54
145.976
148.328
150.797
146.166
149.816
152.822
152.391
146.995
156.08
147.459
148.843
152.143
144.087
151.32
147.805
152.855
140.606
149.088
153.068
147.98
152.128
149.948
151.688
149.051
147.229
143.306
150.914
156.728
142.239
148.993
149.438
152.587
148.421
150.895
151.59
145.082
148.43
147.221
143.044
153.074
153.81
146.86
145.811
145.53
154.427
150.271
151.432
150.227
149.295
143.711
148.976
151.452
139.131
145.628
147.018
144.925
151.628
150.543
148.653
148.322
148.632
150.685
148.926
148.981
152.945
149.557
149.369
146.935
150.077
154.53
150.921
139.737
148.38
152.809
145.313
144.916
155.122
160.199
145.596
154.948
147.561
149.404
142.789
150.341
150.675
150.85
148.166
143.375
149.425
151.183
149.457
143.391
151.923
143.787
143.667
150.302
150.926
142.943
155.18
142.261
148.374
151.889
146.717
153.965
152.094
144.947
145.866
148.285
154.497
145.514
153.094
150.267
152.935
150.766
152.563
152.348
156.545
147.312
150.112
149.772
144.617
155.043
149.225
157.935
147.565
148.55
154.532
154.078
151.258
142.82
145.763
153.756
144.649
153.392
153.349
150.362
154.695
153.972
149.011
152.397
141.984
142.389
148.082
148.768
151.214
151.237
147.961
155.127
146.646
153.417
157.58
148.568
149.551
146.266
149.69
147.726
141.087
150.059
149.311
150.896
155.481
148.686
147.899
146.851
146.855
147.082
153.422
151.338
155.081
154.675
146.801
150.452
146.164
149.174
142.169
153.257
148.429
153.129
158.839
147.207
153.065
149.581
152.271
152.339
155.483
144.434
149.842
150.97
151.304
148.157
147.236
148.722
142.644
150.884
151.053
152.497
144.644
148.661
150.728
153.596
147.063
152.929
155.793
148.879
151.403
148.226
145.754
150.813
155.129
148.004
151.036
152.577
143.873
144.224
151.151
150.626
154.272
148.001
157.576
150.757
146.133
154.661
147.08
146.041
155.588
147.311
150.822
153.554
152.017
148.867
149.488
154.069
149.038
153.779
145.642
150.226
148.493
149.638
158.342
152.507
146.666
150.339
149.657
148.655
148.672
146.657
154.084
155.991
146.064
149.913
149.07
150.376
148.038
153.491
157.161
152.892
146.733
148.902
154.223
144.418
145.42
152.693
145.733
146.209
155.143
157.061
145.309
142.821
145.797
150.784
151.419
144.012
150.382
148.773
147.249
150.344
145.54
157.022
142.633
150.366
149.753
152.273
147.849
152.164
150.443
152.804
149.996
153.805
149.636
155.27
145.535
146.071
146.36
147.499
149.944
147.029
144.19
147.675
148.494
153.422
148.479
148.085
149.207
157.88
152.456
147.507
145.903
146.669
145.222
147.716
147.369
148.48
155.104
144.225
142.492
145.284
153.446
153.762
146.272
152.604
157.143
149.191
151.136
155.58
150.327
149.471
147.954
149.397
148.705
149.59
149.674
150.317
148.129
149.021
147.799
150.494
150.934
156.409
149.008
145.939
148.45
147.398
147.534
152.717
148.137
153.481
153.345
143.475
149.534
146.336
148.221
151.681
147.794
151.215
152.477
153.933
148.181
155.176
141.727
147.632
146.991
146.935
145.172
152.933
152.226
149.188
145.101
151.467
153.349
153.44
152.241
141.368
150.054
149.451
154.11
151.687
151.909
151.986
159.077
149.146
155.1
145.541
149.845
148.197
150.736
152.913
146.448
150.139
145.956
151.433
145.505
145.759
149.996
150.767
151.551
149.14
147.883
148.559
146.727
152.03
149.467
146.065
158.624
149.163
146.878
151.467
151.503
149.505
147.3
145.67
156.023
153.672
154.092
153.707
152.803
149.856
145.852
152.42
150.333
147.163
146.739
150.974
149.584
147.009
148.893
149.548
146.208
145.425
153.787
150.864
143.551
151.07
153.832
147.605
151.156
154.095
151.745
146.009
153.748
149.265
152.323
145.893
149.345
144.574
155.463
149.962
154.355
153.638
145.034
150.843
145.471
150.108
144.292
144.713
146.418
151.75
147.259
152.608
144.71
154.934
147.689
146.938
157.848
159.887
144.505
146.543
143.017
146.304
155.592
144.938
149.034
144.464
150.945
143.508
142.245
153.538
145.155
151.734
155.957
153.776
151.894
143.105
147.314
149.873
144.183
149.797
144.445
156.641
148.855
148.288
153.459
139.231
151.793
146.89
140.522
147.416
156.233
144.116
146.866
157.97
147.217
146.514
149.811
147.039
152.885
144.242
147.216
143.495
154.917
152.433
150.682
154.046
153.234
150.801
149.595
147.339
150.259
144.589
151.252
149.178
152.945
144.298
144.467
152.426
148.255
149.379
151.862
146.851
154.457
143.281
151.068
152.459
153.513
151.228
145.753
156.814
144.241
145.002
153.242
153.303
152.339
137.435
155.809
144.744
150.767
149.882
157.177
144.18
146.108
151.456
147.902
147.158
154.418
147.573
147.521
147.816
146.87
148.423
155.904
148.478
160.167
146.138
149.477
146.894
158.123
146.576
143.938
145.896
146.079
153.361
146.752
148.098
145.871
157.369
155.13
143.798
150.887
153.229
151.381
148.045
149.435
152.881
147.299
152.543
150.045
146.684
152.086
143.743
149.507
145.575
152.406
153.831
146.956
145.567
151.884
147.827
144.467
147.306
148.129
147.37
149.251
148.324
146.76
149.351
148.675
150.024
153.17
151.032
148.796
150.302
141.626
152.554
149.469
142.99
148.597
142.165
149.564
150.578
149.502
151.206
150.724
143.417
143.948
149.042
